Time     Temperature!     Force
1.138000 38.690000 0.020000 
2.379000 38.640000 0.020000 
3.640000 38.540000 0.020000 
4.900000 38.560000 0.020000 
6.157000 38.530000 0.020000 
7.397000 38.460000 0.020000 
8.654000 38.470000 0.020000 
9.911000 38.490000 0.020000 
11.167000 38.400000 0.020000 
12.415000 38.330000 0.020000 
13.675000 38.300000 0.020000 
14.934000 38.300000 0.020000 
16.173000 38.240000 0.020000 
17.430000 38.240000 0.020000 
18.688000 38.190000 0.020000 
19.948000 38.130000 0.020000 
21.185000 38.060000 0.020000 
22.442000 38.060000 0.020000 
23.698000 38.020000 0.020000 
24.957000 38.090000 0.020000 
26.212000 37.950000 0.020000 
27.483000 37.980000 0.020000 
28.721000 37.920000 0.020000 
29.978000 37.840000 0.020000 
31.234000 37.880000 0.020000 
32.473000 37.780000 0.020000 
33.733000 37.780000 0.020000 
34.995000 37.790000 0.020000 
36.251000 37.720000 0.020000 
37.488000 37.700000 0.020000 
38.745000 37.680000 0.020000 
40.008000 37.660000 0.020000 
41.248000 37.630000 0.020000 
42.511000 37.630000 0.020000 
43.771000 37.630000 0.020000 
45.010000 37.550000 0.020000 
46.272000 37.420000 0.020000 
47.530000 37.420000 0.020000 
48.773000 37.470000 0.020000 
50.036000 37.380000 0.020000 
51.295000 37.350000 0.020000 
52.538000 37.310000 0.020000 
53.803000 37.340000 0.020000 
55.044000 37.300000 0.020000 
56.303000 37.300000 0.020000 
57.564000 37.230000 0.020000 
58.804000 37.270000 0.020000 
60.059000 37.200000 0.020000 
61.320000 37.130000 0.020000 
62.581000 37.070000 0.020000 
63.817000 37.130000 0.020000 
65.079000 37.020000 0.020000 
66.337000 37.050000 0.020000 
67.594000 36.870000 0.020000 
68.847000 36.880000 0.020000 
70.092000 36.870000 0.020000 
71.350000 36.840000 0.020000 
72.610000 36.800000 0.020000 
73.864000 36.770000 0.020000 
75.103000 36.700000 0.020000 
76.361000 36.670000 0.020000 
77.610000 36.700000 0.020000 
78.871000 36.700000 0.020000 
80.130000 36.620000 0.020000 
81.381000 36.630000 0.020000 
82.637000 36.660000 0.020000 
83.891000 36.560000 0.020000 
85.152000 36.540000 0.020000 
86.392000 36.470000 0.020000 
87.651000 36.390000 0.020000 
88.909000 36.430000 0.020000 
90.150000 36.360000 0.020000 
91.408000 36.340000 0.020000 
92.668000 36.300000 0.020000 
93.930000 36.340000 0.020000 
95.166000 36.270000 0.020000 
96.426000 36.250000 0.020000 
97.685000 36.270000 0.020000 
98.943000 36.200000 0.020000 
100.180000 36.210000 0.020000 
101.439000 36.210000 0.020000 
102.696000 36.180000 0.020000 
103.954000 36.120000 0.020000 
105.212000 36.130000 0.020000 
106.451000 36.040000 0.020000 
107.707000 36.000000 0.020000 
108.968000 36.040000 0.020000 
110.228000 35.980000 0.020000 
111.476000 35.950000 0.020000 
112.729000 35.950000 0.020000 
113.981000 35.870000 0.020000 
115.231000 35.800000 0.020000 
116.482000 35.870000 0.020000 
117.742000 35.820000 0.020000 
119.004000 35.830000 0.020000 
120.251000 35.770000 0.020000 
121.507000 35.770000 0.020000 
122.764000 35.780000 0.020000 
124.005000 35.730000 0.020000 
125.262000 35.690000 0.020000 
126.542000 35.750000 0.020000 
127.764000 35.590000 0.020000 
129.023000 35.620000 0.020000 
130.284000 35.620000 0.020000 
131.542000 35.550000 0.020000 
132.794000 35.620000 0.020000 
134.041000 35.550000 0.020000 
135.297000 35.520000 0.020000 
136.555000 35.490000 0.020000 
137.792000 35.510000 0.020000 
139.051000 35.370000 0.020000 
140.307000 35.370000 0.020000 
141.562000 35.410000 0.020000 
142.822000 35.410000 0.020000 
144.080000 35.320000 0.020000 
145.320000 35.380000 0.020000 
146.584000 35.350000 0.020000 
147.838000 35.270000 0.020000 
149.094000 35.280000 0.020000 
150.339000 35.270000 0.020000 
151.601000 35.280000 0.020000 
152.843000 35.230000 0.020000 
154.108000 35.200000 0.020000 
155.349000 35.140000 0.020000 
156.605000 35.230000 0.020000 
157.861000 35.170000 0.020000 
159.120000 35.170000 0.020000 
160.377000 35.090000 0.020000 
161.619000 34.990000 0.020000 
162.877000 34.940000 0.020000 
164.137000 34.970000 0.020000 
165.396000 34.950000 0.020000 
166.636000 34.960000 0.020000 
167.889000 34.990000 0.020000 
169.148000 35.020000 0.020000 
170.406000 34.960000 0.020000 
171.663000 35.010000 0.020000 
172.903000 35.160000 0.020000 
174.156000 35.200000 0.020000 
175.414000 35.220000 0.020000 
176.668000 35.330000 0.020000 
177.928000 35.330000 0.020000 
179.177000 35.410000 0.020000 
180.442000 35.570000 0.020000 
181.679000 35.630000 0.020000 
182.938000 35.750000 0.020000 
184.196000 35.860000 0.020000 
185.453000 36.040000 0.020000 
186.696000 36.080000 0.020000 
187.953000 36.190000 0.020000 
189.212000 36.410000 0.020000 
190.470000 36.560000 0.020000 
191.724000 36.650000 0.020000 
192.983000 36.670000 0.020000 
194.221000 36.620000 0.020000 
195.484000 36.660000 0.020000 
196.725000 36.590000 0.020000 
197.981000 36.590000 0.020000 
199.239000 36.540000 0.020000 
200.502000 36.540000 0.020000 
201.758000 36.440000 0.020000 
203.000000 36.410000 0.020000 
204.252000 36.430000 0.020000 
205.505000 36.410000 0.020000 
206.767000 36.360000 0.020000 
208.025000 36.360000 0.020000 
209.268000 36.300000 0.020000 
210.554000 36.320000 0.020000 
211.790000 36.230000 0.020000 
213.031000 36.250000 0.020000 
214.296000 36.270000 0.020000 
215.538000 36.160000 0.020000 
216.801000 36.160000 0.020000 
218.048000 36.120000 0.020000 
219.306000 36.060000 0.020000 
220.551000 36.020000 0.020000 
221.811000 36.040000 0.020000 
223.068000 35.950000 0.020000 
224.313000 35.980000 0.020000 
225.574000 35.910000 0.020000 
226.821000 35.880000 0.020000 
228.076000 35.860000 0.020000 
229.341000 35.820000 0.020000 
230.583000 35.750000 0.020000 
231.838000 35.820000 0.020000 
233.098000 35.730000 0.020000 
234.342000 35.750000 0.020000 
235.598000 35.750000 0.020000 
236.858000 35.760000 0.020000 
238.112000 35.660000 0.020000 
239.373000 35.700000 0.020000 
240.614000 35.620000 0.020000 
241.877000 35.650000 0.020000 
243.133000 35.630000 0.020000 
244.389000 35.550000 0.020000 
245.624000 35.570000 0.020000 
246.888000 35.520000 0.020000 
248.137000 35.440000 0.020000 
249.407000 35.410000 0.020000 
250.644000 35.490000 0.020000 
251.900000 35.470000 0.020000 
253.161000 35.390000 0.020000 
254.419000 35.380000 0.020000 
255.660000 35.280000 0.020000 
256.918000 35.350000 0.020000 
258.177000 35.240000 0.020000 
259.439000 35.280000 0.020000 
260.674000 35.300000 0.020000 
261.933000 35.270000 0.020000 
263.194000 35.270000 0.020000 
264.433000 35.170000 0.020000 
265.693000 35.200000 0.020000 
266.955000 35.190000 0.020000 
268.196000 35.040000 0.020000 
269.453000 35.090000 0.020000 
270.707000 35.030000 0.020000 
271.976000 35.020000 0.020000 
273.216000 34.980000 0.020000 
274.474000 34.950000 0.020000 
275.733000 34.880000 0.020000 
276.971000 34.950000 0.020000 
278.233000 34.910000 0.020000 
279.497000 34.900000 0.020000 
280.733000 34.960000 0.020000 
281.993000 34.900000 0.020000 
283.249000 35.040000 0.020000 
284.504000 35.090000 0.020000 
285.766000 35.160000 0.020000 
287.016000 35.220000 0.020000 
288.274000 35.280000 0.020000 
289.511000 35.280000 0.020000 
290.771000 35.420000 0.020000 
292.032000 35.420000 0.020000 
293.272000 35.590000 0.020000 
294.529000 35.750000 0.020000 
295.778000 35.830000 0.020000 
297.038000 35.980000 0.020000 
298.293000 36.190000 0.020000 
299.556000 36.270000 0.020000 
300.799000 36.440000 0.020000 
302.057000 36.490000 0.020000 
303.315000 36.520000 0.020000 
304.561000 36.590000 0.020000 
305.819000 36.670000 0.020000 
307.075000 36.740000 0.020000 
308.335000 36.700000 0.020000 
309.587000 36.620000 0.020000 
310.826000 36.720000 0.020000 
312.099000 36.620000 0.020000 
313.344000 36.610000 0.020000 
314.595000 36.590000 0.020000 
315.846000 36.490000 0.020000 
317.105000 36.490000 0.020000 
318.359000 36.450000 0.020000 
319.621000 36.470000 0.020000 
320.860000 36.430000 0.020000 
322.116000 36.430000 0.020000 
323.374000 36.410000 0.020000 
324.635000 36.340000 0.020000 
325.882000 36.200000 0.020000 
327.137000 36.260000 0.020000 
328.389000 36.190000 0.020000 
329.651000 36.210000 0.020000 
330.890000 36.200000 0.020000 
332.147000 36.190000 0.020000 
333.403000 36.130000 0.020000 
334.662000 36.160000 0.020000 
335.915000 36.060000 0.020000 
337.173000 35.980000 0.020000 
338.416000 36.000000 0.020000 
339.678000 36.020000 0.020000 
340.936000 35.870000 0.020000 
342.191000 36.000000 0.020000 
343.425000 35.910000 0.020000 
344.681000 35.870000 0.020000 
345.944000 35.860000 0.020000 
347.202000 35.880000 0.020000 
348.450000 35.870000 0.020000 
349.703000 35.860000 0.020000 
350.967000 35.820000 0.020000 
352.207000 35.750000 0.020000 
353.462000 35.750000 0.020000 
354.719000 35.730000 0.020000 
355.977000 35.700000 0.020000 
357.233000 35.690000 0.020000 
358.488000 35.570000 0.020000 
359.728000 35.550000 0.020000 
360.979000 35.530000 0.020000 
362.238000 35.570000 0.020000 
363.499000 35.530000 0.020000 
364.756000 35.490000 0.020000 
366.001000 35.440000 0.020000 
367.259000 35.410000 0.020000 
368.518000 35.410000 0.020000 
369.758000 35.460000 0.020000 
371.017000 35.390000 0.020000 
372.278000 35.350000 0.020000 
373.530000 35.280000 0.020000 
374.769000 35.370000 0.020000 
376.027000 35.280000 0.020000 
377.285000 35.280000 0.020000 
378.543000 35.240000 0.020000 
379.799000 35.190000 0.020000 
381.059000 35.120000 0.020000 
382.300000 35.090000 0.020000 
383.559000 35.060000 0.020000 
384.818000 35.120000 0.020000 
386.057000 35.090000 0.020000 
387.318000 35.010000 0.020000 
388.578000 35.080000 0.020000 
389.836000 35.140000 0.020000 
391.080000 35.010000 0.020000 
392.339000 35.090000 0.020000 
393.618000 34.940000 0.020000 
394.842000 34.910000 0.020000 
396.101000 34.950000 0.020000 
397.344000 34.860000 0.020000 
398.607000 34.880000 0.020000 
399.861000 34.840000 0.020000 
401.105000 34.860000 0.020000 
402.365000 34.830000 0.020000 
403.624000 34.800000 0.020000 
404.872000 34.980000 0.020000 
406.130000 35.080000 0.020000 
407.372000 35.280000 0.020000 
408.622000 35.410000 0.020000 
409.884000 35.550000 0.020000 
411.147000 35.490000 0.020000 
412.388000 35.580000 0.020000 
413.646000 35.730000 0.020000 
414.902000 35.800000 0.020000 
416.157000 35.890000 0.020000 
417.416000 35.940000 0.020000 
418.674000 35.940000 0.020000 
419.911000 35.960000 0.020000 
421.171000 36.040000 0.020000 
422.426000 36.130000 0.020000 
423.685000 36.160000 0.020000 
424.927000 36.370000 0.020000 
426.183000 36.670000 0.020000 
427.438000 36.620000 0.020000 
428.700000 36.700000 0.020000 
429.954000 36.840000 0.020000 
431.211000 36.890000 0.020000 
432.456000 36.910000 0.020000 
433.712000 36.820000 0.020000 
434.970000 36.800000 0.020000 
436.229000 36.770000 0.020000 
437.479000 36.620000 0.020000 
438.719000 36.700000 0.020000 
439.978000 36.630000 0.020000 
441.242000 36.620000 0.020000 
442.479000 36.540000 0.020000 
443.742000 36.480000 0.020000 
445.001000 36.520000 0.020000 
446.260000 36.440000 0.020000 
447.497000 36.410000 0.020000 
448.750000 36.370000 0.020000 
450.009000 36.320000 0.020000 
451.264000 36.340000 0.020000 
452.518000 36.340000 0.020000 
453.779000 36.360000 0.020000 
455.032000 36.270000 0.020000 
456.291000 36.230000 0.020000 
457.544000 36.260000 0.020000 
458.785000 36.250000 0.020000 
460.045000 36.160000 0.020000 
461.302000 36.140000 0.020000 
462.539000 36.190000 0.020000 
463.798000 36.120000 0.020000 
465.055000 36.070000 0.020000 
466.318000 36.000000 0.020000 
467.557000 36.040000 0.020000 
468.813000 35.950000 0.020000 
470.069000 35.910000 0.020000 
471.324000 35.890000 0.020000 
472.585000 35.880000 0.020000 
473.826000 35.800000 0.020000 
475.088000 35.800000 0.020000 
476.347000 35.820000 0.020000 
477.630000 35.800000 0.020000 
478.847000 35.730000 0.020000 
480.107000 35.760000 0.020000 
481.347000 35.730000 0.020000 
482.603000 35.600000 0.020000 
483.864000 35.660000 0.020000 
485.128000 35.660000 0.020000 
486.366000 35.570000 0.020000 
487.635000 35.580000 0.020000 
488.877000 35.570000 0.020000 
490.138000 35.530000 0.020000 
491.380000 35.590000 0.020000 
492.644000 35.470000 0.020000 
493.902000 35.470000 0.020000 
495.158000 35.400000 0.020000 
496.414000 35.350000 0.020000 
497.655000 35.350000 0.020000 
498.915000 35.280000 0.020000 
500.156000 35.380000 0.020000 
501.415000 35.350000 0.020000 
502.670000 35.270000 0.020000 
503.927000 35.270000 0.020000 
505.186000 35.170000 0.020000 
506.444000 35.240000 0.020000 
507.689000 35.210000 0.020000 
508.949000 35.130000 0.020000 
510.207000 35.150000 0.020000 
511.446000 35.040000 0.020000 
512.709000 35.100000 0.020000 
513.952000 35.100000 0.020000 
515.205000 34.980000 0.020000 
516.464000 35.030000 0.020000 
517.721000 34.980000 0.020000 
518.980000 35.010000 0.020000 
520.219000 35.030000 0.020000 
521.476000 34.980000 0.020000 
522.734000 34.960000 0.020000 
523.987000 34.960000 0.020000 
525.248000 35.050000 0.020000 
526.489000 35.080000 0.020000 
527.748000 35.170000 0.020000 
529.007000 35.230000 0.020000 
530.246000 35.300000 0.020000 
531.508000 35.400000 0.020000 
532.768000 35.420000 0.020000 
534.025000 35.460000 0.020000 
535.263000 35.630000 0.020000 
536.519000 35.800000 0.020000 
537.777000 35.940000 0.020000 
539.039000 36.080000 0.020000 
540.277000 36.200000 0.020000 
541.546000 36.260000 0.020000 
542.804000 36.540000 0.020000 
544.047000 36.570000 0.020000 
545.307000 36.720000 0.020000 
546.563000 36.670000 0.020000 
547.808000 36.700000 0.020000 
549.062000 36.660000 0.020000 
550.321000 36.680000 0.020000 
551.582000 36.610000 0.020000 
552.821000 36.560000 0.020000 
554.081000 36.520000 0.020000 
555.341000 36.520000 0.020000 
556.597000 36.490000 0.020000 
557.837000 36.490000 0.020000 
559.102000 36.480000 0.020000 
560.338000 36.410000 0.020000 
561.600000 36.410000 0.020000 
562.858000 36.370000 0.020000 
564.113000 36.360000 0.020000 
565.370000 36.260000 0.020000 
566.626000 36.270000 0.020000 
567.866000 36.230000 0.020000 
569.123000 36.140000 0.020000 
570.384000 36.160000 0.020000 
571.631000 36.050000 0.020000 
572.890000 36.040000 0.020000 
574.149000 36.020000 0.020000 
575.387000 36.020000 0.020000 
576.665000 35.980000 0.020000 
577.901000 36.000000 0.020000 
579.161000 35.950000 0.020000 
580.410000 35.960000 0.020000 
581.668000 35.870000 0.020000 
582.927000 35.870000 0.020000 
584.184000 35.910000 0.020000 
585.422000 35.800000 0.020000 
586.678000 35.770000 0.020000 
587.932000 35.830000 0.020000 
589.190000 35.710000 0.020000 
590.439000 35.730000 0.020000 
591.699000 35.750000 0.020000 
592.959000 35.690000 0.020000 
594.196000 35.780000 0.020000 
595.454000 35.640000 0.020000 
596.711000 35.590000 0.020000 
597.969000 35.600000 0.020000 
599.224000 35.530000 0.020000 
600.480000 35.490000 0.020000 
601.737000 35.530000 0.020000 
602.974000 35.480000 0.020000 
604.230000 35.450000 0.020000 
605.488000 35.350000 0.020000 
606.743000 35.490000 0.020000 
607.990000 35.370000 0.020000 
609.251000 35.270000 0.020000 
610.509000 35.330000 0.020000 
611.767000 35.330000 0.020000 
613.020000 35.210000 0.020000 
614.259000 35.210000 0.020000 
615.520000 35.270000 0.020000 
616.780000 35.160000 0.020000 
618.022000 35.140000 0.020000 
619.282000 35.130000 0.020000 
620.532000 35.200000 0.020000 
621.789000 35.060000 0.020000 
623.049000 35.130000 0.020000 
624.304000 35.050000 0.020000 
625.544000 35.020000 0.020000 
626.804000 35.010000 0.020000 
628.064000 35.010000 0.020000 
629.300000 35.020000 0.020000 
630.563000 34.880000 0.020000 
631.824000 34.940000 0.020000 
633.081000 34.880000 0.020000 
634.319000 34.830000 0.020000 
635.583000 34.860000 0.020000 
636.843000 34.910000 0.020000 
638.083000 34.850000 0.020000 
639.342000 34.900000 0.020000 
640.599000 34.840000 0.020000 
641.855000 34.920000 0.020000 
643.096000 34.950000 0.020000 
644.353000 34.990000 0.020000 
645.611000 35.060000 0.020000 
646.871000 35.210000 0.020000 
648.125000 35.230000 0.020000 
649.378000 35.410000 0.020000 
650.633000 35.690000 0.020000 
651.888000 35.890000 0.020000 
653.131000 35.950000 0.020000 
654.386000 36.070000 0.020000 
655.637000 36.090000 0.020000 
656.897000 36.120000 0.020000 
658.150000 36.100000 0.020000 
659.409000 36.190000 0.020000 
660.685000 36.280000 0.020000 
661.909000 36.340000 0.020000 
663.168000 36.450000 0.020000 
664.425000 36.470000 0.020000 
665.667000 36.520000 0.020000 
666.918000 36.560000 0.020000 
668.174000 36.550000 0.020000 
669.433000 36.450000 0.020000 
670.691000 36.520000 0.020000 
671.949000 36.550000 0.020000 
673.188000 36.490000 0.020000 
674.446000 36.320000 0.020000 
675.695000 36.340000 0.020000 
676.958000 36.310000 0.020000 
678.219000 36.250000 0.020000 
679.474000 36.270000 0.020000 
680.712000 36.160000 0.020000 
681.975000 36.190000 0.020000 
683.236000 36.190000 0.020000 
684.478000 36.080000 0.020000 
685.742000 36.010000 0.020000 
686.981000 36.020000 0.020000 
688.236000 35.980000 0.020000 
689.496000 36.010000 0.020000 
690.757000 35.950000 0.020000 
691.993000 36.000000 0.020000 
693.256000 35.950000 0.020000 
694.511000 35.960000 0.020000 
695.769000 35.870000 0.020000 
697.014000 35.860000 0.020000 
698.273000 35.860000 0.020000 
699.528000 35.750000 0.020000 
700.790000 35.700000 0.020000 
702.027000 35.760000 0.020000 
703.286000 35.690000 0.020000 
704.546000 35.630000 0.020000 
705.791000 35.670000 0.020000 
707.050000 35.660000 0.020000 
708.308000 35.630000 0.020000 
709.567000 35.510000 0.020000 
710.805000 35.530000 0.020000 
712.063000 35.510000 0.020000 
713.321000 35.550000 0.020000 
714.581000 35.510000 0.020000 
715.818000 35.420000 0.020000 
717.074000 35.460000 0.020000 
718.334000 35.380000 0.020000 
719.592000 35.450000 0.020000 
720.849000 35.340000 0.020000 
722.087000 35.410000 0.020000 
723.344000 35.320000 0.020000 
724.602000 35.270000 0.020000 
725.861000 35.330000 0.020000 
727.097000 35.220000 0.020000 
728.364000 35.210000 0.020000 
729.627000 35.200000 0.020000 
730.881000 35.150000 0.020000 
732.115000 35.080000 0.020000 
733.376000 35.100000 0.020000 
734.637000 34.960000 0.020000 
735.877000 35.040000 0.020000 
737.136000 35.040000 0.020000 
738.392000 35.080000 0.020000 
739.648000 35.020000 0.020000 
740.906000 35.040000 0.020000 
742.148000 34.900000 0.020000 
743.409000 34.990000 0.020000 
744.698000 35.080000 0.020000 
745.916000 35.170000 0.020000 
747.171000 35.300000 0.020000 
748.423000 35.300000 0.020000 
749.681000 35.450000 0.020000 
750.934000 35.380000 0.020000 
752.195000 35.580000 0.020000 
753.435000 35.640000 0.020000 
754.687000 35.710000 0.020000 
755.946000 35.750000 0.020000 
757.201000 36.090000 0.020000 
758.448000 36.140000 0.020000 
759.722000 36.320000 0.020000 
760.957000 36.450000 0.020000 
762.215000 36.450000 0.020000 
763.469000 36.520000 0.020000 
764.727000 36.650000 0.020000 
765.988000 36.540000 0.020000 
767.225000 36.520000 0.020000 
768.497000 36.570000 0.020000 
769.734000 36.540000 0.020000 
770.991000 36.480000 0.020000 
772.247000 36.370000 0.020000 
773.504000 36.450000 0.020000 
774.748000 36.410000 0.020000 
776.006000 36.360000 0.020000 
777.264000 36.360000 0.020000 
778.522000 36.360000 0.020000 
779.775000 36.270000 0.020000 
781.029000 36.230000 0.020000 
782.283000 36.270000 0.020000 
783.542000 36.180000 0.020000 
784.778000 36.080000 0.020000 
786.035000 36.160000 0.020000 
787.294000 36.130000 0.020000 
788.552000 36.160000 0.020000 
789.812000 36.070000 0.020000 
791.067000 36.070000 0.020000 
792.306000 36.010000 0.020000 
793.563000 36.060000 0.020000 
794.823000 35.910000 0.020000 
796.060000 35.980000 0.020000 
797.321000 35.890000 0.020000 
798.581000 35.840000 0.020000 
799.840000 35.880000 0.020000 
801.079000 35.800000 0.020000 
802.341000 35.730000 0.020000 
803.594000 35.830000 0.020000 
804.854000 35.750000 0.020000 
806.094000 35.670000 0.020000 
807.350000 35.760000 0.020000 
808.613000 35.730000 0.020000 
809.869000 35.710000 0.020000 
811.127000 35.600000 0.020000 
812.364000 35.630000 0.020000 
813.618000 35.530000 0.020000 
814.874000 35.490000 0.020000 
816.137000 35.530000 0.020000 
817.394000 35.490000 0.020000 
818.633000 35.490000 0.020000 
819.887000 35.470000 0.020000 
821.143000 35.440000 0.020000 
822.401000 35.390000 0.020000 
823.654000 35.370000 0.020000 
824.914000 35.300000 0.020000 
826.163000 35.280000 0.020000 
827.424000 35.270000 0.020000 
828.682000 35.320000 0.020000 
829.928000 35.260000 0.020000 
831.186000 35.240000 0.020000 
832.423000 35.330000 0.020000 
833.677000 35.150000 0.020000 
834.936000 35.270000 0.020000 
836.189000 35.100000 0.020000 
837.457000 35.140000 0.020000 
838.706000 35.050000 0.020000 
839.964000 35.120000 0.020000 
841.207000 35.120000 0.020000 
842.465000 35.050000 0.020000 
843.732000 34.960000 0.020000 
844.963000 35.080000 0.020000 
846.225000 34.950000 0.020000 
847.480000 34.880000 0.020000 
848.736000 34.860000 0.020000 
849.990000 34.850000 0.020000 
851.233000 34.940000 0.020000 
852.494000 34.970000 0.020000 
853.752000 34.990000 0.020000 
855.010000 35.060000 0.020000 
856.250000 35.120000 0.020000 
857.504000 35.280000 0.020000 
858.749000 35.280000 0.020000 
860.007000 35.230000 0.020000 
861.263000 35.230000 0.020000 
862.519000 35.410000 0.020000 
863.782000 35.520000 0.020000 
865.038000 35.620000 0.020000 
866.295000 35.750000 0.020000 
867.551000 35.830000 0.020000 
868.793000 36.190000 0.020000 
870.051000 36.340000 0.020000 
871.306000 36.430000 0.020000 
872.546000 36.480000 0.020000 
873.810000 36.520000 0.020000 
875.065000 36.570000 0.020000 
876.326000 36.480000 0.020000 
877.564000 36.590000 0.020000 
878.825000 36.550000 0.020000 
880.086000 36.630000 0.020000 
881.321000 36.590000 0.020000 
882.584000 36.620000 0.020000 
883.835000 36.550000 0.020000 
885.100000 36.560000 0.020000 
886.355000 36.430000 0.020000 
887.611000 36.470000 0.020000 
888.850000 36.520000 0.020000 
890.109000 36.470000 0.020000 
891.366000 36.360000 0.020000 
892.618000 36.360000 0.020000 
893.877000 36.360000 0.020000 
895.133000 36.300000 0.020000 
896.376000 36.320000 0.020000 
897.628000 36.280000 0.020000 
898.889000 36.190000 0.020000 
900.144000 36.130000 0.020000 
901.403000 36.140000 0.020000 
902.637000 36.130000 0.020000 
903.893000 36.090000 0.020000 
905.150000 36.120000 0.020000 
906.418000 36.160000 0.020000 
907.655000 36.000000 0.020000 
908.913000 36.010000 0.020000 
910.175000 35.940000 0.020000 
911.415000 36.000000 0.020000 
912.671000 35.880000 0.020000 
913.931000 35.860000 0.020000 
915.190000 35.910000 0.020000 
916.432000 35.760000 0.020000 
917.701000 35.760000 0.020000 
918.938000 35.730000 0.020000 
920.199000 35.730000 0.020000 
921.453000 35.770000 0.020000 
922.713000 35.800000 0.020000 
923.971000 35.730000 0.020000 
925.212000 35.700000 0.020000 
926.465000 35.630000 0.020000 
927.753000 35.670000 0.020000 
928.973000 35.520000 0.020000 
930.228000 35.510000 0.020000 
931.488000 35.440000 0.020000 
932.728000 35.490000 0.020000 
933.988000 35.490000 0.020000 
935.244000 35.370000 0.020000 
936.500000 35.370000 0.020000 
937.754000 35.400000 0.020000 
939.017000 35.370000 0.020000 
940.258000 35.330000 0.020000 
941.518000 35.330000 0.020000 
942.768000 35.350000 0.020000 
944.030000 35.370000 0.020000 
945.286000 35.300000 0.020000 
946.524000 35.210000 0.020000 
947.783000 35.260000 0.020000 
949.040000 35.170000 0.020000 
950.302000 35.190000 0.020000 
951.538000 35.140000 0.020000 
952.804000 35.130000 0.020000 
954.062000 35.090000 0.020000 
955.319000 35.100000 0.020000 
956.562000 35.040000 0.020000 
957.821000 34.990000 0.020000 
959.065000 34.970000 0.020000 
960.323000 34.950000 0.020000 
961.581000 34.980000 0.020000 
962.835000 35.010000 0.020000 
964.092000 34.920000 0.020000 
965.350000 34.900000 0.020000 
966.586000 34.950000 0.020000 
967.844000 35.020000 0.020000 
969.102000 35.150000 0.020000 
970.363000 35.200000 0.020000 
971.605000 35.210000 0.020000 
972.858000 35.260000 0.020000 
974.114000 35.170000 0.020000 
975.375000 35.320000 0.020000 
976.634000 35.520000 0.020000 
977.870000 35.870000 0.020000 
979.125000 36.020000 0.020000 
980.384000 36.040000 0.020000 
981.647000 36.160000 0.020000 
982.894000 36.320000 0.020000 
984.156000 36.340000 0.020000 
985.412000 36.380000 0.020000 
986.649000 36.470000 0.020000 
987.907000 36.390000 0.020000 
989.172000 36.360000 0.020000 
990.411000 36.390000 0.020000 
991.670000 36.410000 0.020000 
992.933000 36.360000 0.020000 
994.172000 36.340000 0.020000 
995.429000 36.280000 0.020000 
996.689000 36.250000 0.020000 
997.947000 36.210000 0.020000 
999.190000 36.230000 0.020000 
1000.453000 36.260000 0.020000 
1001.690000 36.210000 0.020000 
1002.951000 36.160000 0.020000 
1004.205000 36.200000 0.020000 
1005.461000 36.090000 0.020000 
1006.722000 36.120000 0.020000 
1007.978000 36.040000 0.020000 
1009.215000 36.000000 0.020000 
1010.471000 35.910000 0.020000 
1011.735000 36.010000 0.020000 
1012.987000 35.980000 0.020000 
1014.236000 35.960000 0.020000 
1015.499000 35.910000 0.020000 
1016.745000 35.890000 0.020000 
1018.009000 35.870000 0.020000 
1019.254000 35.800000 0.020000 
1020.510000 35.780000 0.020000 
1021.761000 35.650000 0.020000 
1023.020000 35.700000 0.020000 
1024.282000 35.650000 0.020000 
1025.535000 35.630000 0.020000 
1026.799000 35.620000 0.020000 
1028.041000 35.600000 0.020000 
1029.277000 35.530000 0.020000 
1030.537000 35.600000 0.020000 
1031.800000 35.490000 0.020000 
1033.056000 35.550000 0.020000 
1034.315000 35.460000 0.020000 
1035.553000 35.450000 0.020000 
1036.811000 35.420000 0.020000 
1038.067000 35.400000 0.020000 
1039.309000 35.320000 0.020000 
1040.575000 35.380000 0.020000 
1041.831000 35.350000 0.020000 
1043.073000 35.280000 0.020000 
1044.340000 35.210000 0.020000 
1045.578000 35.260000 0.020000 
1046.838000 35.210000 0.020000 
1048.098000 35.200000 0.020000 
1049.352000 35.240000 0.020000 
1050.610000 35.160000 0.020000 
1051.848000 35.130000 0.020000 
1053.109000 35.100000 0.020000 
1054.364000 35.100000 0.020000 
1055.622000 35.040000 0.020000 
1056.864000 35.080000 0.020000 
1058.115000 35.060000 0.020000 
1059.372000 35.030000 0.020000 
1060.634000 35.050000 0.020000 
1061.895000 34.990000 0.020000 
1063.137000 35.010000 0.020000 
1064.392000 34.950000 0.020000 
1065.649000 34.920000 0.020000 
1066.904000 34.880000 0.020000 
1068.162000 34.860000 0.020000 
1069.401000 34.810000 0.020000 
1070.661000 34.800000 0.020000 
1071.920000 34.920000 0.020000 
1073.180000 35.050000 0.020000 
1074.420000 35.060000 0.020000 
1075.676000 35.220000 0.020000 
1076.934000 35.340000 0.020000 
1078.193000 35.470000 0.020000 
1079.431000 35.510000 0.020000 
1080.687000 35.630000 0.020000 
1081.945000 35.730000 0.020000 
1083.201000 35.830000 0.020000 
1084.462000 35.860000 0.020000 
1085.720000 35.780000 0.020000 
1086.960000 35.980000 0.020000 
1088.215000 36.000000 0.020000 
1089.475000 36.070000 0.020000 
1090.733000 36.320000 0.020000 
1091.974000 36.340000 0.020000 
1093.231000 36.380000 0.020000 
1094.483000 36.540000 0.020000 
1095.735000 36.730000 0.020000 
1096.991000 36.790000 0.020000 
1098.245000 36.840000 0.020000 
1099.502000 36.860000 0.020000 
1100.760000 36.800000 0.020000 
1102.020000 36.810000 0.020000 
1103.257000 36.740000 0.020000 
1104.510000 36.730000 0.020000 
1105.780000 36.740000 0.020000 
1107.020000 36.650000 0.020000 
1108.278000 36.590000 0.020000 
1109.540000 36.590000 0.020000 
1110.816000 36.540000 0.020000 
1112.039000 36.500000 0.020000 
1113.301000 36.490000 0.020000 
1114.539000 36.520000 0.020000 
1115.796000 36.450000 0.020000 
1117.052000 36.450000 0.020000 
1118.311000 36.390000 0.020000 
1119.570000 36.410000 0.020000 
1120.813000 36.280000 0.020000 
1122.072000 36.320000 0.020000 
1123.331000 36.360000 0.020000 
1124.587000 36.300000 0.020000 
1125.828000 36.280000 0.020000 
1127.086000 36.230000 0.020000 
1128.330000 36.210000 0.020000 
1129.589000 36.260000 0.020000 
1130.843000 36.080000 0.020000 
1132.098000 36.130000 0.020000 
1133.359000 36.090000 0.020000 
1134.610000 36.040000 0.020000 
1135.871000 36.080000 0.020000 
1137.110000 36.000000 0.020000 
1138.371000 35.960000 0.020000 
1139.626000 35.800000 0.020000 
1140.886000 35.800000 0.020000 
1142.145000 35.890000 0.020000 
1143.382000 35.940000 0.020000 
1144.639000 35.800000 0.020000 
1145.898000 35.800000 0.020000 
1147.138000 35.750000 0.020000 
1148.398000 35.780000 0.020000 
1149.652000 35.640000 0.020000 
1150.912000 35.730000 0.020000 
1152.167000 35.730000 0.020000 
1153.424000 35.650000 0.020000 
1154.680000 35.600000 0.020000 
1155.919000 35.600000 0.020000 
1157.180000 35.550000 0.020000 
1158.436000 35.510000 0.020000 
1159.693000 35.520000 0.020000 
1160.938000 35.440000 0.020000 
1162.197000 35.450000 0.020000 
1163.455000 35.400000 0.020000 
1164.692000 35.420000 0.020000 
1165.955000 35.340000 0.020000 
1167.210000 35.390000 0.020000 
1168.463000 35.370000 0.020000 
1169.726000 35.330000 0.020000 
1170.980000 35.340000 0.020000 
1172.218000 35.350000 0.020000 
1173.479000 35.230000 0.020000 
1174.731000 35.260000 0.020000 
1175.991000 35.090000 0.020000 
1177.232000 35.200000 0.020000 
1178.489000 35.100000 0.020000 
1179.751000 35.160000 0.020000 
1181.006000 35.130000 0.020000 
1182.265000 35.040000 0.020000 
1183.507000 35.060000 0.020000 
1184.763000 34.980000 0.020000 
1186.027000 35.020000 0.020000 
1187.264000 35.010000 0.020000 
1188.516000 34.990000 0.020000 
1189.774000 34.900000 0.020000 
1191.035000 34.940000 0.020000 
1192.288000 34.920000 0.020000 
1193.546000 34.950000 0.020000 
1194.786000 35.050000 0.020000 
1196.045000 35.060000 0.020000 
1197.308000 35.160000 0.020000 
1198.568000 35.150000 0.020000 
1199.807000 35.270000 0.020000 
1201.064000 35.260000 0.020000 
1202.324000 35.380000 0.020000 
1203.563000 35.350000 0.020000 
1204.820000 35.530000 0.020000 
1206.082000 35.590000 0.020000 
1207.340000 35.690000 0.020000 
1208.581000 35.880000 0.020000 
1209.860000 36.120000 0.020000 
1211.091000 36.370000 0.020000 
1212.355000 36.480000 0.020000 
1213.591000 36.560000 0.020000 
1214.849000 36.620000 0.020000 
1216.111000 36.880000 0.020000 
1217.372000 36.720000 0.020000 
1218.626000 36.800000 0.020000 
1219.881000 36.770000 0.020000 
1221.122000 36.700000 0.020000 
1222.375000 36.720000 0.020000 
1223.632000 36.610000 0.020000 
1224.890000 36.540000 0.020000 
1226.144000 36.620000 0.020000 
1227.393000 36.570000 0.020000 
1228.660000 36.430000 0.020000 
1229.895000 36.560000 0.020000 
1231.152000 36.440000 0.020000 
1232.405000 36.410000 0.020000 
1233.659000 36.380000 0.020000 
1234.915000 36.360000 0.020000 
1236.171000 36.380000 0.020000 
1237.429000 36.360000 0.020000 
1238.685000 36.300000 0.020000 
1239.941000 36.300000 0.020000 
1241.178000 36.210000 0.020000 
1242.435000 36.320000 0.020000 
1243.691000 36.210000 0.020000 
1244.951000 36.230000 0.020000 
1246.196000 36.160000 0.020000 
1247.457000 36.050000 0.020000 
1248.717000 35.980000 0.020000 
1249.973000 36.060000 0.020000 
1251.210000 36.070000 0.020000 
1252.477000 35.860000 0.020000 
1253.716000 35.860000 0.020000 
1254.974000 35.830000 0.020000 
1256.233000 35.930000 0.020000 
1257.490000 35.880000 0.020000 
1258.748000 35.780000 0.020000 
1260.003000 35.800000 0.020000 
1261.250000 35.710000 0.020000 
1262.509000 35.730000 0.020000 
1263.750000 35.800000 0.020000 
1265.006000 35.670000 0.020000 
1266.266000 35.570000 0.020000 
1267.524000 35.530000 0.020000 
1268.782000 35.550000 0.020000 
1270.019000 35.480000 0.020000 
1271.273000 35.340000 0.020000 
1272.541000 35.300000 0.020000 
1273.779000 35.170000 0.020000 
1275.035000 35.050000 0.020000 
1276.294000 35.040000 0.020000 
1277.552000 34.940000 0.020000 
1278.809000 34.830000 0.020000 
1280.048000 34.660000 0.020000 
1281.305000 34.680000 0.020000 
1282.562000 34.630000 0.020000 
1283.815000 34.580000 0.020000 
1285.074000 34.490000 0.020000 
1286.336000 34.380000 0.020000 
1287.572000 34.300000 0.020000 
1288.829000 34.350000 0.020000 
1290.090000 34.300000 0.020000 
1291.347000 34.140000 0.020000 
1292.586000 34.070000 0.020000 
1293.876000 34.060000 0.020000 
1295.100000 33.910000 0.020000 
1296.361000 33.820000 0.020000 
1297.603000 33.870000 0.020000 
1298.873000 33.730000 0.020000 
1300.111000 33.620000 0.020000 
1301.365000 33.530000 0.020000 
1302.621000 33.510000 0.020000 
1303.876000 33.390000 0.020000 
1305.140000 33.380000 0.020000 
1306.398000 33.400000 0.020000 
1307.633000 33.120000 0.020000 
1308.882000 33.190000 0.020000 
1310.141000 33.210000 0.020000 
1311.404000 33.040000 0.020000 
1312.658000 33.050000 0.020000 
1313.908000 32.980000 0.020000 
1315.169000 32.830000 0.020000 
1316.430000 32.830000 0.020000 
1317.676000 32.780000 0.020000 
1318.937000 32.660000 0.020000 
1320.177000 32.660000 0.020000 
1321.436000 32.550000 0.020000 
1322.695000 32.540000 0.020000 
1323.953000 32.450000 0.020000 
1325.205000 32.420000 0.020000 
1326.449000 32.340000 0.020000 
1327.709000 32.230000 0.020000 
1328.947000 32.120000 0.020000 
1330.213000 32.120000 0.020000 
1331.462000 32.090000 0.020000 
1332.721000 32.050000 0.020000 
1333.973000 31.890000 0.020000 
1335.227000 31.980000 0.020000 
1336.493000 32.000000 0.020000 
1337.731000 31.910000 0.020000 
1338.988000 31.840000 0.020000 
1340.249000 31.760000 0.020000 
1341.492000 31.650000 0.020000 
1342.752000 31.550000 0.020000 
1344.011000 31.520000 0.020000 
1345.269000 31.520000 0.020000 
1346.507000 31.520000 0.020000 
1347.768000 31.450000 0.020000 
1349.024000 31.420000 0.020000 
1350.275000 31.210000 0.020000 
1351.532000 31.120000 0.020000 
1352.778000 31.130000 0.020000 
1354.032000 31.060000 0.020000 
1355.291000 30.970000 0.020000 
1356.543000 30.980000 0.020000 
1357.799000 30.950000 0.020000 
1359.057000 30.950000 0.020000 
1360.314000 30.920000 0.020000 
1361.550000 30.840000 0.020000 
1362.809000 30.800000 0.020000 
1364.064000 30.820000 0.020000 
1365.318000 30.770000 0.020000 
1366.575000 30.740000 0.020000 
1367.832000 30.620000 0.020000 
1369.086000 30.570000 0.020000 
1370.344000 30.430000 0.020000 
1371.583000 30.460000 0.020000 
1372.840000 30.440000 0.020000 
1374.094000 30.410000 0.020000 
1375.353000 30.330000 0.020000 
1376.593000 30.270000 0.020000 
1377.864000 30.150000 0.020000 
1379.107000 30.080000 0.020000 
1380.367000 30.090000 0.020000 
1381.626000 30.080000 0.020000 
1382.881000 30.040000 0.020000 
1384.122000 30.010000 0.020000 
1385.383000 29.960000 0.020000 
1386.641000 29.950000 0.020000 
1387.897000 29.860000 0.020000 
1389.138000 29.860000 0.020000 
1390.393000 29.850000 0.020000 
1391.653000 29.780000 0.020000 
1392.910000 29.770000 0.020000 
1394.166000 29.730000 0.020000 
1395.402000 29.650000 0.020000 
1396.660000 29.590000 0.020000 
1397.920000 29.680000 0.020000 
1399.175000 29.540000 0.020000 
1400.435000 29.550000 0.020000 
1401.673000 29.540000 0.020000 
1402.934000 29.440000 0.020000 
1404.195000 29.380000 0.020000 
1405.450000 29.360000 0.020000 
1406.688000 29.210000 0.020000 
1407.946000 29.230000 0.020000 
1409.206000 29.270000 0.020000 
1410.463000 29.120000 0.020000 
1411.705000 29.160000 0.020000 
1412.966000 29.160000 0.020000 
1414.227000 29.120000 0.020000 
1415.466000 29.160000 0.020000 
1416.728000 29.160000 0.020000 
1417.985000 29.070000 0.020000 
1419.241000 28.980000 0.020000 
1420.480000 28.970000 0.020000 
1421.740000 28.980000 0.020000 
1423.001000 28.940000 0.020000 
1424.261000 28.890000 0.020000 
1425.499000 28.840000 0.020000 
1426.754000 28.700000 0.020000 
1428.012000 28.620000 0.020000 
1429.271000 28.670000 0.020000 
1430.531000 28.620000 0.020000 
1431.769000 28.610000 0.020000 
1433.026000 28.620000 0.020000 
1434.286000 28.540000 0.020000 
1435.526000 28.500000 0.020000 
1436.786000 28.500000 0.020000 
1438.046000 28.480000 0.020000 
1439.309000 28.450000 0.020000 
1440.561000 28.450000 0.020000 
1441.797000 28.420000 0.020000 
1443.060000 28.480000 0.020000 
1444.302000 28.380000 0.020000 
1445.564000 28.340000 0.020000 
1446.824000 28.270000 0.020000 
1448.067000 28.250000 0.020000 
1449.326000 28.270000 0.020000 
1450.591000 28.290000 0.020000 
1451.826000 28.230000 0.020000 
1453.087000 28.230000 0.020000 
1454.347000 28.120000 0.020000 
1455.604000 28.080000 0.020000 
1456.863000 28.000000 0.020000 
1458.100000 27.980000 0.020000 
1459.360000 27.980000 0.020000 
1460.618000 27.970000 0.020000 
1461.873000 27.970000 0.020000 
1463.122000 27.960000 0.020000 
1464.380000 27.940000 0.020000 
1465.625000 27.890000 0.020000 
1466.888000 27.910000 0.020000 
1468.147000 27.830000 0.020000 
1469.389000 27.780000 0.020000 
1470.642000 27.830000 0.020000 
1471.904000 27.780000 0.020000 
1473.143000 27.730000 0.020000 
1474.401000 27.670000 0.020000 
1475.661000 27.770000 0.020000 
1476.937000 27.720000 0.020000 
1478.175000 27.650000 0.020000 
1479.413000 27.640000 0.020000 
1480.675000 27.650000 0.020000 
1481.932000 27.620000 0.020000 
1483.190000 27.550000 0.020000 
1484.438000 27.490000 0.020000 
1485.692000 27.530000 0.020000 
1486.948000 27.390000 0.020000 
1488.189000 27.410000 0.020000 
1489.449000 27.470000 0.020000 
1490.704000 27.490000 0.020000 
1491.944000 27.380000 0.020000 
1493.206000 27.300000 0.020000 
1494.467000 27.310000 0.020000 
1495.724000 27.340000 0.020000 
1496.985000 27.300000 0.020000 
1498.221000 27.230000 0.020000 
1499.483000 27.200000 0.020000 
1500.745000 27.230000 0.020000 
1501.982000 27.120000 0.020000 
1503.247000 27.090000 0.020000 
1504.504000 27.160000 0.020000 
1505.763000 27.090000 0.020000 
1507.007000 27.050000 0.020000 
1508.267000 27.040000 0.020000 
1509.504000 27.100000 0.020000 
1510.760000 27.050000 0.020000 
1512.017000 27.030000 0.020000 
1513.275000 26.960000 0.020000 
1514.530000 27.000000 0.020000 
1515.790000 27.000000 0.020000 
1517.031000 26.910000 0.020000 
1518.290000 26.900000 0.020000 
1519.535000 26.940000 0.020000 
1520.794000 26.940000 0.020000 
1522.049000 26.950000 0.020000 
1523.305000 26.810000 0.020000 
1524.563000 26.890000 0.020000 
1525.822000 26.760000 0.020000 
1527.059000 26.870000 0.020000 
1528.317000 26.790000 0.020000 
1529.573000 26.790000 0.020000 
1530.830000 26.770000 0.020000 
1532.088000 26.800000 0.020000 
1533.331000 26.870000 0.020000 
1534.595000 26.800000 0.020000 
1535.848000 26.840000 0.020000 
1537.104000 26.790000 0.020000 
1538.343000 26.840000 0.020000 
1539.603000 26.790000 0.020000 
1540.852000 26.790000 0.020000 
1542.110000 26.780000 0.020000 
1543.367000 26.840000 0.020000 
1544.618000 26.850000 0.020000 
1545.881000 26.830000 0.020000 
1547.122000 26.790000 0.020000 
1548.379000 26.790000 0.020000 
1549.644000 26.800000 0.020000 
1550.882000 26.770000 0.020000 
1552.136000 26.740000 0.020000 
1553.400000 26.770000 0.020000 
1554.657000 26.800000 0.020000 
1555.907000 26.840000 0.020000 
1557.163000 26.760000 0.020000 
1558.404000 26.870000 0.020000 
1559.668000 26.790000 0.020000 
1560.950000 26.740000 0.020000 
1562.169000 26.810000 0.020000 
1563.424000 26.830000 0.020000 
1564.681000 26.840000 0.020000 
1565.940000 26.740000 0.020000 
1567.180000 26.770000 0.020000 
1568.447000 26.800000 0.020000 
1569.706000 26.760000 0.020000 
1570.942000 26.770000 0.020000 
1572.196000 26.740000 0.020000 
1573.455000 26.840000 0.020000 
1574.713000 26.840000 0.020000 
1575.977000 26.790000 0.020000 
1577.219000 26.840000 0.020000 
1578.480000 26.830000 0.020000 
1579.735000 26.740000 0.020000 
1580.977000 26.770000 0.020000 
1582.236000 26.700000 0.020000 
1583.495000 26.730000 0.020000 
1584.752000 26.790000 0.020000 
1585.988000 26.740000 0.020000 
1587.247000 26.850000 0.020000 
1588.496000 26.760000 0.020000 
1589.754000 26.770000 0.020000 
1591.010000 26.790000 0.020000 
1592.265000 26.760000 0.020000 
1593.524000 26.760000 0.020000 
1594.784000 26.760000 0.020000 
1596.037000 26.870000 0.020000 
1597.273000 26.800000 0.020000 
1598.529000 26.850000 0.020000 
1599.795000 26.730000 0.020000 
1601.035000 26.760000 0.020000 
1602.294000 26.720000 0.020000 
1603.547000 26.790000 0.020000 
1604.805000 26.790000 0.020000 
1606.062000 26.760000 0.020000 
1607.318000 26.760000 0.020000 
1608.574000 26.870000 0.020000 
1609.810000 26.790000 0.020000 
1611.081000 26.810000 0.020000 
1612.317000 26.790000 0.020000 
1613.579000 26.700000 0.020000 
1614.842000 26.730000 0.020000 
1616.089000 26.790000 0.020000 
1617.345000 26.870000 0.020000 
1618.604000 26.740000 0.020000 
1619.841000 26.800000 0.020000 
1621.099000 26.720000 0.020000 
1622.357000 26.730000 0.020000 
1623.612000 26.720000 0.020000 
1624.870000 26.730000 0.020000 
1626.126000 26.720000 0.020000 
1627.365000 26.760000 0.020000 
1628.623000 26.680000 0.020000 
1629.886000 26.780000 0.020000 
1631.138000 26.790000 0.020000 
1632.396000 26.670000 0.020000 
1633.641000 26.720000 0.020000 
1634.898000 26.700000 0.020000 
1636.145000 26.790000 0.020000 
1637.399000 26.730000 0.020000 
1638.654000 26.700000 0.020000 
1639.912000 26.740000 0.020000 
1641.169000 26.730000 0.020000 
1642.428000 26.800000 0.020000 
1643.686000 26.730000 0.020000 
1644.927000 26.770000 0.020000 
1646.174000 26.760000 0.020000 
1647.430000 26.840000 0.020000 
1648.692000 26.900000 0.020000 
1649.942000 26.930000 0.020000 
1651.198000 27.010000 0.020000 
1652.454000 27.140000 0.020000 
1653.708000 27.170000 0.020000 
1654.952000 27.300000 0.020000 
1656.206000 27.270000 0.020000 
1657.465000 27.380000 0.020000 
1658.724000 27.540000 0.020000 
1659.985000 27.580000 0.020000 
1661.221000 27.730000 0.020000 
1662.476000 27.770000 0.020000 
1663.732000 28.050000 0.020000 
1664.990000 28.340000 0.020000 
1666.252000 28.550000 0.020000 
1667.492000 28.590000 0.020000 
1668.757000 28.780000 0.020000 
1670.011000 28.910000 0.020000 
1671.254000 29.050000 0.020000 
1672.517000 29.190000 0.020000 
1673.773000 29.230000 0.020000 
1675.013000 29.200000 0.020000 
1676.274000 29.320000 0.020000 
1677.530000 29.320000 0.020000 
1678.772000 29.310000 0.020000 
1680.030000 29.320000 0.020000 
1681.287000 29.210000 0.020000 
1682.546000 29.230000 0.020000 
1683.804000 29.250000 0.040000 
1685.047000 29.230000 0.020000 
1686.306000 29.190000 0.020000 
1687.564000 29.180000 0.020000 
1688.804000 29.120000 0.040000 
1690.061000 29.160000 0.020000 
1691.313000 29.090000 0.020000 
1692.568000 29.100000 0.020000 
1693.825000 29.090000 0.020000 
1695.074000 29.020000 0.020000 
1696.334000 29.050000 0.020000 
1697.595000 29.100000 0.020000 
1698.838000 28.960000 0.020000 
1700.093000 29.030000 0.020000 
1701.352000 29.050000 0.020000 
1702.607000 28.940000 0.020000 
1703.857000 29.050000 0.020000 
1705.111000 28.940000 0.020000 
1706.366000 28.960000 0.020000 
1707.621000 28.920000 0.020000 
1708.881000 28.910000 0.020000 
1710.129000 28.870000 0.020000 
1711.383000 28.940000 0.040000 
1712.629000 28.920000 0.040000 
1713.893000 28.920000 0.020000 
1715.134000 28.870000 0.040000 
1716.396000 28.870000 0.040000 
1717.639000 28.850000 0.040000 
1718.898000 28.780000 0.020000 
1720.145000 28.800000 0.040000 
1721.418000 28.740000 0.020000 
1722.665000 28.720000 0.020000 
1723.917000 28.780000 0.040000 
1725.172000 28.780000 0.040000 
1726.425000 28.710000 0.020000 
1727.684000 28.730000 0.040000 
1728.927000 28.790000 0.020000 
1730.192000 28.730000 0.040000 
1731.437000 28.700000 0.020000 
1732.701000 28.680000 0.020000 
1733.945000 28.700000 0.020000 
1735.202000 28.760000 0.020000 
1736.468000 28.650000 0.020000 
1737.714000 28.650000 0.040000 
1738.968000 28.710000 0.040000 
1740.217000 28.710000 0.040000 
1741.473000 28.600000 0.020000 
1742.737000 28.600000 0.020000 
1744.005000 28.660000 0.040000 
1745.234000 28.610000 0.040000 
1746.499000 28.650000 0.040000 
1747.740000 28.660000 0.040000 
1748.986000 28.720000 0.040000 
1750.248000 28.600000 0.020000 
1751.498000 28.600000 0.040000 
1752.768000 28.630000 0.040000 
1754.013000 28.650000 0.040000 
1755.273000 28.620000 0.040000 
1756.519000 28.590000 0.020000 
1757.766000 28.620000 0.040000 
1759.015000 28.560000 0.040000 
1760.283000 28.580000 0.020000 
1761.546000 28.520000 0.020000 
1762.793000 28.450000 0.040000 
1764.038000 28.520000 0.020000 
1765.295000 28.540000 0.040000 
1766.556000 28.540000 0.040000 
1767.800000 28.580000 0.040000 
1769.064000 28.580000 0.040000 
1770.310000 28.540000 0.040000 
1771.575000 28.520000 0.040000 
1772.812000 28.540000 0.020000 
1774.083000 28.540000 0.040000 
1775.328000 28.520000 0.040000 
1776.571000 28.450000 0.040000 
1777.833000 28.410000 0.040000 
1779.080000 28.450000 0.040000 
1780.350000 28.410000 0.040000 
1781.599000 28.490000 0.040000 
1782.845000 28.500000 0.040000 
1784.120000 28.470000 0.040000 
1785.363000 28.420000 0.040000 
1786.608000 28.420000 0.040000 
1787.872000 28.450000 0.040000 
1789.118000 28.410000 0.040000 
1790.384000 28.420000 0.040000 
1791.626000 28.410000 0.040000 
1792.875000 28.380000 0.040000 
1794.141000 28.410000 0.040000 
1795.389000 28.340000 0.040000 
1796.637000 28.500000 0.040000 
1797.901000 28.410000 0.040000 
1799.145000 28.380000 0.040000 
1800.411000 28.420000 0.040000 
1801.652000 28.310000 0.040000 
1802.917000 28.290000 0.040000 
1804.162000 28.340000 0.040000 
1805.426000 28.340000 0.040000 
1806.666000 28.370000 0.040000 
1807.915000 28.360000 0.040000 
1809.184000 28.230000 0.040000 
1810.444000 28.250000 0.040000 
1811.686000 28.320000 0.040000 
1812.948000 28.320000 0.040000 
1814.193000 28.290000 0.040000 
1815.459000 28.300000 0.040000 
1816.707000 28.230000 0.040000 
1817.947000 28.300000 0.040000 
1819.212000 28.210000 0.040000 
1820.472000 28.290000 0.040000 
1821.717000 28.250000 0.040000 
1822.981000 28.250000 0.040000 
1824.223000 28.270000 0.040000 
1825.487000 28.320000 0.020000 
1826.733000 28.340000 0.040000 
1827.989000 28.310000 0.040000 
1829.242000 28.300000 0.040000 
1830.500000 28.290000 0.040000 
1831.745000 28.310000 0.040000 
1833.010000 28.160000 0.040000 
1834.253000 28.160000 0.040000 
1835.520000 28.210000 0.040000 
1836.764000 28.210000 0.040000 
1838.011000 28.230000 0.040000 
1839.281000 28.230000 0.040000 
1840.528000 28.180000 0.040000 
1841.773000 28.190000 0.040000 
1843.039000 28.160000 0.040000 
1844.286000 28.160000 0.040000 
1845.550000 28.110000 0.040000 
1846.796000 28.160000 0.040000 
1848.048000 28.160000 0.040000 
1849.317000 28.110000 0.040000 
1850.551000 28.140000 0.040000 
1851.804000 28.110000 0.040000 
1853.070000 28.140000 0.040000 
1854.317000 28.070000 0.040000 
1855.582000 28.160000 0.040000 
1856.828000 28.180000 0.040000 
1858.073000 28.130000 0.040000 
1859.343000 28.110000 0.040000 
1860.588000 28.070000 0.040000 
1861.833000 28.140000 0.040000 
1863.101000 28.080000 0.040000 
1864.347000 28.050000 0.040000 
1865.611000 28.110000 0.040000 
1866.859000 28.050000 0.040000 
1868.123000 28.080000 0.040000 
1869.370000 28.050000 0.040000 
1870.616000 28.120000 0.040000 
1871.878000 28.080000 0.040000 
1873.121000 28.050000 0.040000 
1874.391000 28.080000 0.040000 
1875.636000 28.110000 0.040000 
1876.890000 28.010000 0.040000 
1878.154000 28.050000 0.040000 
1879.400000 28.050000 0.040000 
1880.646000 28.120000 0.040000 
1881.907000 28.110000 0.040000 
1883.155000 28.090000 0.040000 
1884.420000 28.010000 0.040000 
1885.669000 28.050000 0.040000 
1886.914000 28.070000 0.040000 
1888.180000 28.020000 0.040000 
1889.426000 28.000000 0.040000 
1890.691000 27.950000 0.040000 
1891.933000 27.970000 0.040000 
1893.184000 28.010000 0.040000 
1894.431000 27.960000 0.040000 
1895.700000 27.940000 0.040000 
1896.949000 28.030000 0.040000 
1898.212000 27.980000 0.040000 
1899.450000 28.010000 0.040000 
1900.714000 28.050000 0.040000 
1901.958000 28.010000 0.040000 
1903.221000 28.010000 0.040000 
1904.467000 27.970000 0.040000 
1905.732000 27.940000 0.040000 
1906.979000 28.070000 0.040000 
1908.238000 27.920000 0.040000 
1909.492000 28.010000 0.040000 
1910.733000 27.960000 0.040000 
1911.993000 27.950000 0.040000 
1913.246000 27.910000 0.040000 
1914.496000 27.970000 0.040000 
1915.759000 27.860000 0.040000 
1917.004000 27.950000 0.040000 
1918.256000 27.840000 0.040000 
1919.524000 27.940000 0.040000 
1920.784000 27.910000 0.040000 
1922.038000 27.870000 0.040000 
1923.275000 27.870000 0.040000 
1924.542000 27.910000 0.040000 
1925.790000 27.910000 0.040000 
1927.071000 27.910000 0.040000 
1928.295000 27.890000 0.040000 
1929.559000 27.920000 0.040000 
1930.802000 27.890000 0.040000 
1932.062000 27.950000 0.040000 
1933.304000 27.830000 0.040000 
1934.570000 27.900000 0.040000 
1935.814000 27.910000 0.040000 
1937.074000 27.950000 0.040000 
1938.333000 27.870000 0.040000 
1939.571000 27.870000 0.040000 
1940.836000 27.840000 0.040000 
1942.081000 27.870000 0.040000 
1943.344000 27.950000 0.040000 
1944.589000 27.910000 0.040000 
1945.855000 27.920000 0.040000 
1947.101000 27.900000 0.040000 
1948.366000 27.840000 0.040000 
1949.606000 27.790000 0.040000 
1950.862000 27.810000 0.040000 
1952.109000 27.920000 0.040000 
1953.376000 27.900000 0.040000 
1954.629000 27.830000 0.040000 
1955.880000 27.840000 0.040000 
1957.127000 27.840000 0.040000 
1958.393000 27.800000 0.040000 
1959.637000 27.700000 0.040000 
1960.893000 27.790000 0.040000 
1962.141000 27.770000 0.040000 
1963.409000 27.680000 0.040000 
1964.658000 27.840000 0.040000 
1965.906000 27.700000 0.040000 
1967.168000 27.770000 0.040000 
1968.417000 27.810000 0.040000 
1969.681000 27.750000 0.040000 
1970.926000 27.790000 0.040000 
1972.171000 27.830000 0.040000 
1973.438000 27.810000 0.040000 
1974.685000 27.720000 0.040000 
1975.954000 27.810000 0.040000 
1977.197000 27.740000 0.040000 
1978.449000 27.720000 0.040000 
1979.711000 27.790000 0.040000 
1980.963000 27.890000 0.040000 
1982.211000 27.730000 0.040000 
1983.455000 27.750000 0.040000 
1984.727000 27.730000 0.040000 
1985.970000 27.750000 0.040000 
1987.231000 27.850000 0.040000 
1988.488000 27.770000 0.040000 
1989.732000 27.770000 0.040000 
1990.996000 27.830000 0.040000 
1992.240000 27.740000 0.040000 
1993.485000 27.770000 0.040000 
1994.753000 27.720000 0.040000 
1995.994000 27.780000 0.040000 
1997.256000 27.660000 0.040000 
1998.504000 27.700000 0.040000 
1999.770000 27.650000 0.040000 
2001.020000 27.700000 0.040000 
2002.266000 27.700000 0.040000 
2003.532000 27.700000 0.040000 
2004.779000 27.730000 0.040000 
2006.040000 27.680000 0.040000 
2007.285000 27.720000 0.040000 
2008.536000 27.720000 0.040000 
2009.797000 27.700000 0.040000 
2011.062000 27.700000 0.040000 
2012.308000 27.740000 0.040000 
2013.557000 27.780000 0.040000 
2014.818000 27.670000 0.040000 
2016.066000 27.720000 0.040000 
2017.328000 27.740000 0.040000 
2018.575000 27.700000 0.040000 
2019.817000 27.670000 0.040000 
2021.085000 27.650000 0.040000 
2022.328000 27.680000 0.040000 
2023.592000 27.700000 0.040000 
2024.836000 27.660000 0.040000 
2026.099000 27.670000 0.040000 
2027.343000 27.620000 0.040000 
2028.607000 27.620000 0.040000 
2029.847000 27.700000 0.040000 
2031.111000 27.670000 0.040000 
2032.355000 27.700000 0.040000 
2033.627000 27.580000 0.040000 
2034.872000 27.600000 0.040000 
2036.136000 27.600000 0.040000 
2037.380000 27.660000 0.040000 
2038.644000 27.620000 0.040000 
2039.891000 27.620000 0.040000 
2041.132000 27.590000 0.040000 
2042.399000 27.580000 0.040000 
2043.646000 27.580000 0.040000 
2044.913000 27.550000 0.040000 
2046.161000 27.670000 0.040000 
2047.405000 27.540000 0.040000 
2048.673000 27.580000 0.040000 
2049.916000 27.650000 0.040000 
2051.178000 27.580000 0.040000 
2052.422000 27.580000 0.040000 
2053.679000 27.560000 0.040000 
2054.929000 27.640000 0.040000 
2056.196000 27.650000 0.040000 
2057.440000 27.490000 0.040000 
2058.707000 27.450000 0.040000 
2059.945000 27.500000 0.040000 
2061.213000 27.590000 0.040000 
2062.459000 27.580000 0.040000 
2063.704000 27.600000 0.040000 
2064.969000 27.560000 0.040000 
2066.212000 27.590000 0.040000 
2067.479000 27.530000 0.040000 
2068.726000 27.550000 0.040000 
2069.987000 27.540000 0.040000 
2071.229000 27.560000 0.040000 
2072.492000 27.540000 0.040000 
2073.744000 27.550000 0.040000 
2074.985000 27.520000 0.040000 
2076.247000 27.450000 0.040000 
2077.513000 27.540000 0.040000 
2078.755000 27.450000 0.040000 
2080.002000 27.500000 0.040000 
2081.270000 27.530000 0.040000 
2082.520000 27.580000 0.040000 
2083.783000 27.490000 0.040000 
2085.027000 27.530000 0.040000 
2086.276000 27.450000 0.040000 
2087.540000 27.500000 0.040000 
2088.779000 27.520000 0.040000 
2090.033000 27.480000 0.040000 
2091.286000 27.520000 0.040000 
2092.546000 27.530000 0.040000 
2093.811000 27.500000 0.040000 
2095.080000 27.470000 0.040000 
2096.302000 27.480000 0.040000 
2097.568000 27.540000 0.040000 
2098.816000 27.450000 0.040000 
2100.083000 27.450000 0.040000 
2101.328000 27.520000 0.040000 
2102.573000 27.530000 0.040000 
2103.836000 27.490000 0.040000 
2105.098000 27.490000 0.040000 
2106.343000 27.450000 0.040000 
2107.590000 27.430000 0.040000 
2108.856000 27.450000 0.040000 
2110.097000 27.420000 0.040000 
2111.359000 27.470000 0.040000 
2112.603000 27.560000 0.040000 
2113.871000 27.450000 0.040000 
2115.114000 27.380000 0.040000 
2116.379000 27.410000 0.040000 
2117.631000 27.410000 0.040000 
2118.887000 27.380000 0.040000 
2120.133000 27.410000 0.040000 
2121.388000 27.390000 0.040000 
2122.635000 27.410000 0.040000 
2123.898000 27.370000 0.040000 
2125.141000 27.370000 0.040000 
2126.406000 27.370000 0.040000 
2127.654000 27.420000 0.040000 
2128.905000 27.450000 0.040000 
2130.166000 27.420000 0.040000 
2131.419000 27.410000 0.040000 
2132.665000 27.430000 0.040000 
2133.935000 27.410000 0.040000 
2135.182000 27.370000 0.040000 
2136.429000 27.360000 0.040000 
2137.691000 27.420000 0.040000 
2138.938000 27.360000 0.040000 
2140.198000 27.340000 0.040000 
2141.447000 27.380000 0.040000 
2142.716000 27.430000 0.040000 
2143.961000 27.420000 0.040000 
2145.203000 27.450000 0.040000 
2146.468000 27.480000 0.040000 
2147.714000 27.370000 0.040000 
2148.975000 27.420000 0.040000 
2150.220000 27.420000 0.040000 
2151.472000 27.320000 0.040000 
2152.743000 27.380000 0.040000 
2153.988000 27.420000 0.040000 
2155.252000 27.340000 0.040000 
2156.497000 27.470000 0.040000 
2157.741000 27.370000 0.040000 
2159.009000 27.310000 0.040000 
2160.249000 27.470000 0.040000 
2161.517000 27.310000 0.040000 
2162.763000 27.370000 0.040000 
2164.029000 27.370000 0.040000 
2165.274000 27.360000 0.040000 
2166.519000 27.390000 0.040000 
2167.786000 27.300000 0.040000 
2169.027000 27.390000 0.040000 
2170.290000 27.270000 0.040000 
2171.535000 27.340000 0.040000 
2172.801000 27.250000 0.040000 
2174.051000 27.270000 0.040000 
2175.311000 27.250000 0.040000 
2176.558000 27.370000 0.040000 
2177.803000 27.310000 0.040000 
2179.085000 27.370000 0.040000 
2180.315000 27.340000 0.040000 
2181.584000 27.480000 0.040000 
2182.816000 27.230000 0.040000 
2184.080000 27.340000 0.040000 
2185.330000 27.340000 0.040000 
2186.576000 27.360000 0.040000 
2187.847000 27.310000 0.040000 
2189.088000 27.270000 0.040000 
2190.349000 27.250000 0.040000 
2191.595000 27.270000 0.040000 
2192.860000 27.260000 0.040000 
2194.125000 27.280000 0.040000 
2195.355000 27.310000 0.040000 
2196.621000 27.340000 0.040000 
2197.868000 27.320000 0.040000 
2199.128000 27.320000 0.040000 
2200.386000 27.270000 0.040000 
2201.634000 27.320000 0.040000 
2202.883000 27.320000 0.040000 
2204.147000 27.300000 0.040000 
2205.398000 27.230000 0.040000 
2206.647000 27.300000 0.040000 
2207.891000 27.260000 0.040000 
2209.155000 27.200000 0.040000 
2210.404000 27.260000 0.040000 
2211.674000 27.120000 0.040000 
2212.917000 27.260000 0.040000 
2214.180000 27.190000 0.040000 
2215.423000 27.160000 0.040000 
2216.673000 27.280000 0.040000 
2217.937000 27.320000 0.040000 
2219.180000 27.300000 0.040000 
2220.446000 27.300000 0.040000 
2221.688000 27.270000 0.040000 
2222.951000 27.310000 0.040000 
2224.195000 27.270000 0.040000 
2225.461000 27.280000 0.040000 
2226.701000 27.210000 0.040000 
2227.967000 27.150000 0.040000 
2229.210000 27.280000 0.040000 
2230.476000 27.260000 0.040000 
2231.719000 27.230000 0.040000 
2232.982000 27.230000 0.040000 
2234.229000 27.260000 0.040000 
2235.479000 27.260000 0.040000 
2236.740000 27.260000 0.040000 
2238.001000 27.280000 0.040000 
2239.249000 27.230000 0.040000 
2240.505000 27.210000 0.040000 
2241.750000 27.250000 0.040000 
2243.013000 27.230000 0.040000 
2244.253000 27.200000 0.040000 
2245.518000 27.230000 0.040000 
2246.768000 27.210000 0.040000 
2248.032000 27.230000 0.040000 
2249.270000 27.190000 0.040000 
2250.531000 27.210000 0.040000 
2251.796000 27.260000 0.040000 
2253.037000 27.280000 0.040000 
2254.303000 27.260000 0.040000 
2255.544000 27.190000 0.040000 
2256.808000 27.200000 0.040000 
2258.054000 27.140000 0.040000 
2259.315000 27.190000 0.040000 
2260.574000 27.160000 0.040000 
2261.818000 27.190000 0.040000 
2263.080000 27.140000 0.040000 
2264.323000 27.230000 0.040000 
2265.570000 27.150000 0.040000 
2266.832000 27.190000 0.040000 
2268.087000 27.140000 0.040000 
2269.332000 27.170000 0.040000 
2270.596000 27.190000 0.040000 
2271.842000 27.210000 0.040000 
2273.103000 27.170000 0.040000 
2274.350000 27.200000 0.040000 
2275.616000 27.250000 0.040000 
2276.862000 27.120000 0.040000 
2278.124000 27.170000 0.040000 
2279.377000 27.120000 0.040000 
2280.627000 27.200000 0.040000 
2281.885000 27.120000 0.040000 
2283.134000 27.200000 0.040000 
2284.383000 27.190000 0.040000 
2285.637000 27.190000 0.040000 
2286.903000 27.210000 0.040000 
2288.146000 27.100000 0.040000 
2289.404000 27.150000 0.040000 
2290.655000 27.160000 0.040000 
2291.900000 27.160000 0.040000 
2293.163000 27.120000 0.040000 
2294.411000 27.120000 0.040000 
2295.675000 27.170000 0.040000 
2296.920000 27.120000 0.040000 
2298.189000 27.120000 0.040000 
2299.435000 27.170000 0.040000 
2300.678000 27.260000 0.040000 
2301.940000 27.150000 0.040000 
2303.186000 27.230000 0.040000 
2304.449000 27.170000 0.040000 
2305.696000 27.140000 0.040000 
2306.965000 27.140000 0.040000 
2308.205000 27.210000 0.040000 
2309.469000 27.170000 0.040000 
2310.709000 27.150000 0.040000 
2311.974000 27.120000 0.040000 
2313.223000 27.140000 0.040000 
2314.472000 27.120000 0.040000 
2315.739000 27.120000 0.040000 
2316.995000 27.190000 0.040000 
2318.238000 27.150000 0.040000 
2319.503000 27.120000 0.040000 
2320.748000 27.100000 0.040000 
2321.995000 27.090000 0.040000 
2323.257000 27.190000 0.040000 
2324.501000 27.100000 0.040000 
2325.766000 27.030000 0.040000 
2327.012000 27.120000 0.040000 
2328.278000 27.050000 0.040000 
2329.521000 27.080000 0.040000 
2330.791000 27.040000 0.040000 
2332.032000 27.100000 0.040000 
2333.294000 27.090000 0.040000 
2334.542000 27.030000 0.040000 
2335.795000 27.050000 0.040000 
2337.039000 27.010000 0.040000 
2338.304000 27.160000 0.040000 
2339.551000 27.050000 0.040000 
2340.816000 27.100000 0.040000 
2342.060000 27.170000 0.040000 
2343.326000 27.090000 0.040000 
2344.572000 27.120000 0.040000 
2345.824000 27.030000 0.040000 
2347.073000 27.100000 0.040000 
2348.341000 27.080000 0.040000 
2349.583000 27.020000 0.040000 
2350.831000 27.060000 0.040000 
2352.097000 27.090000 0.040000 
2353.341000 27.050000 0.040000 
2354.591000 27.080000 0.040000 
2355.857000 27.050000 0.040000 
2357.113000 27.080000 0.040000 
2358.357000 27.040000 0.040000 
2359.615000 27.090000 0.040000 
2360.861000 27.050000 0.040000 
2362.149000 27.100000 0.040000 
2363.375000 27.040000 0.040000 
2364.623000 27.020000 0.040000 
2365.891000 27.000000 0.040000 
2367.149000 27.020000 0.040000 
2368.406000 27.140000 0.040000 
2369.646000 27.120000 0.040000 
2370.908000 27.090000 0.040000 
2372.151000 27.050000 0.040000 
2373.404000 27.100000 0.040000 
2374.666000 27.080000 0.040000 
2375.917000 27.100000 0.040000 
2377.170000 27.080000 0.040000 
2378.434000 27.120000 0.040000 
2379.679000 27.080000 0.040000 
2380.941000 27.090000 0.040000 
2382.191000 27.120000 0.040000 
2383.433000 27.090000 0.040000 
2384.700000 27.100000 0.040000 
2385.946000 27.090000 0.040000 
2387.207000 27.030000 0.040000 
2388.459000 27.010000 0.040000 
2389.719000 27.040000 0.040000 
2390.972000 26.980000 0.040000 
2392.219000 27.050000 0.040000 
2393.467000 26.980000 0.040000 
2394.727000 27.030000 0.040000 
2395.972000 27.030000 0.040000 
2397.237000 26.960000 0.040000 
2398.483000 27.010000 0.040000 
2399.745000 27.010000 0.040000 
2401.003000 27.060000 0.040000 
2402.248000 27.140000 0.040000 
2403.491000 27.270000 0.040000 
2404.758000 27.340000 0.040000 
2406.003000 27.540000 0.040000 
2407.270000 27.660000 0.040000 
2408.518000 27.780000 0.040000 
2409.780000 27.920000 0.040000 
2411.029000 28.110000 0.040000 
2412.272000 28.270000 0.040000 
2413.526000 28.430000 0.040000 
2414.786000 28.520000 0.040000 
2416.053000 28.580000 0.040000 
2417.294000 28.670000 0.040000 
2418.555000 28.770000 0.040000 
2419.812000 28.780000 0.040000 
2421.056000 28.810000 0.040000 
2422.315000 28.910000 0.040000 
2423.561000 29.080000 0.040000 
2424.823000 29.100000 0.040000 
2426.072000 29.120000 0.040000 
2427.318000 29.100000 0.040000 
2428.583000 29.010000 0.040000 
2429.825000 29.020000 0.040000 
2431.091000 29.050000 0.040000 
2432.333000 28.990000 0.040000 
2433.601000 29.050000 0.040000 
2434.852000 28.940000 0.040000 
2436.093000 28.940000 0.040000 
2437.359000 28.870000 0.040000 
2438.602000 28.870000 0.040000 
2439.863000 28.850000 0.040000 
2441.119000 28.900000 0.040000 
2442.371000 28.870000 0.040000 
2443.621000 28.790000 0.040000 
2444.881000 28.790000 0.040000 
2446.161000 28.830000 0.040000 
2447.379000 28.810000 0.040000 
2448.645000 28.780000 0.040000 
2449.890000 28.790000 0.040000 
2451.153000 28.710000 0.040000 
2452.400000 28.700000 0.040000 
2453.663000 28.740000 0.040000 
2454.906000 28.720000 0.040000 
2456.162000 28.730000 0.040000 
2457.426000 28.780000 0.040000 
2458.675000 28.620000 0.040000 
2459.915000 28.620000 0.040000 
2461.183000 28.620000 0.040000 
2462.430000 28.670000 0.040000 
2463.693000 28.700000 0.040000 
2464.940000 28.660000 0.040000 
2466.202000 28.620000 0.040000 
2467.447000 28.650000 0.040000 
2468.709000 28.610000 0.040000 
2469.951000 28.600000 0.040000 
2471.216000 28.670000 0.040000 
2472.458000 28.660000 0.040000 
2473.723000 28.600000 0.040000 
2474.969000 28.630000 0.040000 
2476.235000 28.630000 0.040000 
2477.479000 28.630000 0.040000 
2478.726000 28.500000 0.040000 
2479.991000 28.500000 0.040000 
2481.240000 28.600000 0.040000 
2482.487000 28.500000 0.040000 
2483.748000 28.540000 0.040000 
2485.013000 28.520000 0.040000 
2486.262000 28.470000 0.040000 
2487.503000 28.500000 0.040000 
2488.771000 28.500000 0.040000 
2490.012000 28.480000 0.040000 
2491.268000 28.470000 0.040000 
2492.537000 28.470000 0.040000 
2493.781000 28.480000 0.040000 
2495.044000 28.420000 0.040000 
2496.288000 28.450000 0.040000 
2497.545000 28.410000 0.040000 
2498.794000 28.410000 0.040000 
2500.053000 28.340000 0.040000 
2501.297000 28.340000 0.040000 
2502.566000 28.450000 0.040000 
2503.807000 28.480000 0.040000 
2505.073000 28.420000 0.040000 
2506.318000 28.410000 0.040000 
2507.562000 28.390000 0.040000 
2508.832000 28.450000 0.040000 
2510.076000 28.410000 0.040000 
2511.338000 28.430000 0.040000 
2512.581000 28.360000 0.040000 
2513.841000 28.450000 0.040000 
2515.096000 28.340000 0.040000 
2516.357000 28.430000 0.040000 
2517.604000 28.410000 0.040000 
2518.854000 28.300000 0.040000 
2520.111000 28.310000 0.040000 
2521.358000 28.340000 0.040000 
2522.624000 28.340000 0.040000 
2523.873000 28.270000 0.040000 
2525.120000 28.230000 0.040000 
2526.381000 28.320000 0.040000 
2527.626000 28.230000 0.040000 
2528.890000 28.340000 0.040000 
2530.184000 28.340000 0.040000 
2531.405000 28.310000 0.040000 
2532.650000 28.320000 0.040000 
2533.893000 28.300000 0.040000 
2535.162000 28.300000 0.040000 
2536.408000 28.320000 0.040000 
2537.668000 28.300000 0.040000 
2538.909000 28.270000 0.040000 
2540.173000 28.290000 0.040000 
2541.417000 28.270000 0.040000 
2542.686000 28.300000 0.040000 
2543.933000 28.250000 0.040000 
2545.197000 28.300000 0.040000 
2546.437000 28.210000 0.040000 
2547.698000 28.250000 0.040000 
2548.942000 28.250000 0.040000 
2550.202000 28.230000 0.040000 
2551.464000 28.200000 0.040000 
2552.715000 28.230000 0.040000 
2553.960000 28.200000 0.040000 
2555.225000 28.230000 0.040000 
2556.464000 28.230000 0.040000 
2557.720000 28.180000 0.040000 
2558.983000 28.140000 0.040000 
2560.228000 28.200000 0.040000 
2561.492000 28.200000 0.040000 
2562.733000 28.230000 0.040000 
2563.997000 28.160000 0.040000 
2565.257000 28.210000 0.040000 
2566.498000 28.140000 0.040000 
2567.762000 28.290000 0.040000 
2569.005000 28.130000 0.040000 
2570.262000 28.160000 0.040000 
2571.528000 28.200000 0.040000 
2572.770000 28.130000 0.040000 
2574.017000 28.160000 0.040000 
2575.287000 28.270000 0.040000 
2576.527000 28.250000 0.040000 
2577.786000 28.160000 0.040000 
2579.043000 28.250000 0.040000 
2580.288000 28.190000 0.040000 
2581.553000 28.190000 0.040000 
2582.801000 28.080000 0.040000 
2584.048000 28.080000 0.040000 
2585.308000 28.130000 0.040000 
2586.566000 28.030000 0.040000 
2587.813000 28.180000 0.040000 
2589.075000 28.110000 0.040000 
2590.325000 28.090000 0.040000 
2591.590000 28.080000 0.040000 
2592.831000 28.070000 0.040000 
2594.094000 28.130000 0.040000 
2595.340000 28.090000 0.040000 
2596.593000 28.160000 0.040000 
2597.841000 28.180000 0.040000 
2599.101000 28.140000 0.040000 
2600.364000 28.120000 0.040000 
2601.612000 28.090000 0.040000 
2602.856000 28.080000 0.040000 
2604.124000 28.020000 0.040000 
2605.369000 28.080000 0.040000 
2606.637000 28.050000 0.040000 
2607.878000 28.110000 0.040000 
2609.138000 28.120000 0.040000 
2610.380000 28.080000 0.040000 
2611.644000 28.000000 0.040000 
2612.888000 28.030000 0.040000 
2614.156000 27.980000 0.040000 
2615.401000 28.070000 0.040000 
2616.652000 28.030000 0.040000 
2617.912000 28.050000 0.040000 
2619.174000 28.050000 0.040000 
2620.419000 28.000000 0.040000 
2621.667000 27.970000 0.040000 
2622.917000 27.950000 0.040000 
2624.183000 28.010000 0.040000 
2625.434000 28.000000 0.040000 
2626.682000 27.950000 0.040000 
2627.944000 28.010000 0.040000 
2629.211000 27.970000 0.040000 
2630.458000 28.020000 0.040000 
2631.704000 27.970000 0.040000 
2632.947000 27.980000 0.040000 
2634.213000 28.030000 0.040000 
2635.459000 28.020000 0.040000 
2636.728000 28.030000 0.040000 
2637.977000 27.980000 0.040000 
2639.217000 27.970000 0.040000 
2640.479000 27.910000 0.040000 
2641.728000 27.950000 0.040000 
2642.994000 28.010000 0.040000 
2644.220000 27.950000 0.040000 
2645.493000 27.890000 0.040000 
2646.755000 27.870000 0.040000 
2648.000000 27.870000 0.040000 
2649.264000 27.910000 0.040000 
2650.503000 27.890000 0.040000 
2651.766000 27.920000 0.040000 
2653.014000 27.900000 0.040000 
2654.280000 27.910000 0.040000 
2655.524000 27.890000 0.040000 
2656.786000 27.970000 0.040000 
2658.027000 27.900000 0.040000 
2659.288000 27.910000 0.040000 
2660.541000 27.950000 0.040000 
2661.804000 27.950000 0.040000 
2663.043000 27.910000 0.040000 
2664.306000 27.810000 0.040000 
2665.553000 27.910000 0.040000 
2666.817000 27.920000 0.040000 
2668.060000 27.910000 0.040000 
2669.322000 27.940000 0.040000 
2670.569000 27.900000 0.040000 
2671.834000 27.840000 0.040000 
2673.080000 27.890000 0.040000 
2674.331000 27.870000 0.040000 
2675.597000 27.850000 0.060000 
2676.840000 27.860000 0.040000 
2678.088000 27.860000 0.040000 
2679.352000 27.840000 0.040000 
2680.603000 27.770000 0.040000 
2681.851000 27.790000 0.040000 
2683.114000 27.870000 0.040000 
2684.360000 27.800000 0.040000 
2685.624000 27.770000 0.040000 
2686.865000 27.810000 0.040000 
2688.121000 27.770000 0.040000 
2689.379000 27.790000 0.040000 
2690.626000 27.700000 0.040000 
2691.894000 27.800000 0.040000 
2693.138000 27.800000 0.040000 
2694.402000 27.840000 0.040000 
2695.648000 27.830000 0.040000 
2696.895000 27.780000 0.040000 
2698.163000 27.860000 0.060000 
2699.404000 27.860000 0.040000 
2700.670000 27.770000 0.040000 
2701.916000 27.740000 0.040000 
2703.170000 27.740000 0.040000 
2704.437000 27.770000 0.040000 
2705.682000 27.790000 0.040000 
2706.945000 27.740000 0.040000 
2708.189000 27.750000 0.040000 
2709.436000 27.770000 0.040000 
2710.686000 27.680000 0.040000 
2711.945000 27.620000 0.040000 
2713.237000 27.670000 0.040000 
2714.461000 27.620000 0.040000 
2715.704000 27.700000 0.040000 
2716.968000 27.770000 0.040000 
2718.217000 27.700000 0.040000 
2719.479000 27.780000 0.040000 
2720.724000 27.770000 0.060000 
2721.972000 27.720000 0.040000 
2723.231000 27.730000 0.040000 
2724.497000 27.770000 0.040000 
2725.742000 27.720000 0.040000 
2726.988000 27.700000 0.040000 
2728.228000 27.730000 0.040000 
2729.494000 27.680000 0.040000 
2730.761000 27.680000 0.040000 
2732.009000 27.670000 0.040000 
2733.273000 27.700000 0.040000 
2734.518000 27.660000 0.060000 
2735.763000 27.700000 0.040000 
2737.030000 27.680000 0.040000 
2738.277000 27.680000 0.040000 
2739.540000 27.720000 0.040000 
2740.782000 27.750000 0.040000 
2742.040000 27.680000 0.040000 
2743.286000 27.700000 0.040000 
2744.558000 27.670000 0.060000 
2745.804000 27.700000 0.040000 
2747.051000 27.720000 0.040000 
2748.309000 27.700000 0.040000 
2749.554000 27.700000 0.040000 
2750.822000 27.720000 0.040000 
2752.071000 27.720000 0.040000 
2753.336000 27.680000 0.040000 
2754.582000 27.560000 0.060000 
2755.825000 27.640000 0.040000 
2757.091000 27.620000 0.040000 
2758.335000 27.650000 0.040000 
2759.598000 27.560000 0.040000 
2760.846000 27.700000 0.060000 
2762.111000 27.560000 0.040000 
2763.358000 27.640000 0.060000 
2764.604000 27.660000 0.040000 
2765.869000 27.590000 0.040000 
2767.116000 27.700000 0.040000 
2768.380000 27.680000 0.060000 
2769.621000 27.560000 0.040000 
2770.887000 27.650000 0.040000 
2772.130000 27.560000 0.060000 
2773.396000 27.640000 0.040000 
2774.638000 27.620000 0.040000 
2775.903000 27.620000 0.040000 
2777.148000 27.640000 0.060000 
2778.410000 27.620000 0.060000 
2779.648000 27.580000 0.060000 
2780.916000 27.590000 0.040000 
2782.159000 27.590000 0.040000 
2783.420000 27.550000 0.060000 
2784.664000 27.450000 0.040000 
2785.929000 27.620000 0.060000 
2787.174000 27.550000 0.060000 
2788.434000 27.450000 0.040000 
2789.680000 27.530000 0.040000 
2790.946000 27.640000 0.060000 
2792.206000 27.500000 0.060000 
2793.453000 27.560000 0.040000 
2794.698000 27.590000 0.060000 
2795.959000 27.580000 0.060000 
2797.208000 27.520000 0.040000 
2798.461000 27.550000 0.040000 
2799.725000 27.560000 0.060000 
2800.972000 27.500000 0.040000 
2802.218000 27.620000 0.040000 
2803.487000 27.540000 0.040000 
2804.732000 27.500000 0.040000 
2805.997000 27.550000 0.040000 
2807.247000 27.580000 0.040000 
2808.494000 27.450000 0.060000 
2809.753000 27.480000 0.040000 
2811.000000 27.520000 0.060000 
2812.267000 27.550000 0.060000 
2813.508000 27.430000 0.040000 
2814.764000 27.550000 0.060000 
2816.010000 27.520000 0.040000 
2817.275000 27.450000 0.040000 
2818.518000 27.430000 0.040000 
2819.777000 27.520000 0.060000 
2821.040000 27.450000 0.040000 
2822.283000 27.490000 0.060000 
2823.550000 27.520000 0.040000 
2824.796000 27.550000 0.040000 
2826.046000 27.450000 0.040000 
2827.307000 27.490000 0.060000 
2828.558000 27.480000 0.040000 
2829.808000 27.430000 0.060000 
2831.058000 27.410000 0.060000 
2832.320000 27.480000 0.040000 
2833.567000 27.530000 0.040000 
2834.831000 27.450000 0.040000 
2836.085000 27.500000 0.060000 
2837.334000 27.420000 0.040000 
2838.595000 27.370000 0.040000 
2839.837000 27.370000 0.040000 
2841.099000 27.450000 0.040000 
2842.345000 27.450000 0.060000 
2843.609000 27.500000 0.060000 
2844.852000 27.450000 0.040000 
2846.114000 27.430000 0.040000 
2847.356000 27.480000 0.040000 
2848.622000 27.450000 0.060000 
2849.863000 27.490000 0.040000 
2851.123000 27.430000 0.060000 
2852.377000 27.430000 0.060000 
2853.636000 27.420000 0.060000 
2854.879000 27.380000 0.060000 
2856.149000 27.520000 0.040000 
2857.393000 27.340000 0.040000 
2858.645000 27.480000 0.040000 
2859.908000 27.450000 0.040000 
2861.154000 27.490000 0.040000 
2862.415000 27.340000 0.060000 
2863.663000 27.380000 0.040000 
2864.926000 27.450000 0.040000 
2866.171000 27.410000 0.060000 
2867.433000 27.450000 0.060000 
2868.685000 27.380000 0.040000 
2869.925000 27.370000 0.040000 
2871.192000 27.340000 0.040000 
2872.440000 27.380000 0.060000 
2873.685000 27.340000 0.040000 
2874.951000 27.450000 0.040000 
2876.198000 27.370000 0.060000 
2877.463000 27.340000 0.060000 
2878.710000 27.450000 0.040000 
2879.969000 27.380000 0.060000 
2881.218000 27.480000 0.060000 
2882.472000 27.380000 0.060000 
2883.718000 27.430000 0.060000 
2884.981000 27.360000 0.060000 
2886.223000 27.500000 0.060000 
2887.490000 27.380000 0.060000 
2888.738000 27.340000 0.060000 
2890.001000 27.390000 0.040000 
2891.247000 27.360000 0.060000 
2892.492000 27.420000 0.060000 
2893.758000 27.340000 0.060000 
2895.007000 27.380000 0.060000 
2896.283000 27.390000 0.060000 
2897.515000 27.340000 0.060000 
2898.779000 27.340000 0.060000 
2900.021000 27.390000 0.060000 
2901.289000 27.410000 0.040000 
2902.532000 27.300000 0.060000 
2903.777000 27.360000 0.060000 
2905.043000 27.310000 0.060000 
2906.289000 27.390000 0.060000 
2907.551000 27.300000 0.060000 
2908.796000 27.370000 0.040000 
2910.063000 27.360000 0.060000 
2911.307000 27.270000 0.060000 
2912.572000 27.390000 0.060000 
2913.823000 27.340000 0.040000 
2915.067000 27.380000 0.060000 
2916.331000 27.320000 0.060000 
2917.574000 27.340000 0.060000 
2918.837000 27.340000 0.040000 
2920.081000 27.340000 0.060000 
2921.343000 27.270000 0.060000 
2922.584000 27.270000 0.060000 
2923.849000 27.320000 0.060000 
2925.097000 27.280000 0.060000 
2926.358000 27.320000 0.060000 
2927.603000 27.410000 0.060000 
2928.868000 27.360000 0.060000 
2930.129000 27.270000 0.060000 
2931.369000 27.300000 0.040000 
2932.617000 27.300000 0.060000 
2933.883000 27.300000 0.060000 
2935.131000 27.340000 0.060000 
2936.394000 27.320000 0.060000 
2937.636000 27.320000 0.060000 
2938.900000 27.210000 0.060000 
2940.158000 27.200000 0.060000 
2941.400000 27.300000 0.060000 
2942.649000 27.390000 0.060000 
2943.912000 27.250000 0.060000 
2945.156000 27.310000 0.060000 
2946.425000 27.320000 0.060000 
2947.668000 27.310000 0.060000 
2948.927000 27.230000 0.060000 
2950.171000 27.300000 0.060000 
2951.440000 27.340000 0.060000 
2952.686000 27.310000 0.060000 
2953.930000 27.340000 0.060000 
2955.193000 27.300000 0.060000 
2956.453000 27.340000 0.060000 
2957.695000 27.230000 0.060000 
2958.962000 27.300000 0.060000 
2960.200000 27.230000 0.060000 
2961.470000 27.310000 0.060000 
2962.716000 27.270000 0.040000 
2963.960000 27.230000 0.060000 
2965.223000 27.320000 0.060000 
2966.486000 27.260000 0.060000 
2967.728000 27.270000 0.060000 
2968.996000 27.230000 0.060000 
2970.240000 27.190000 0.060000 
2971.490000 27.230000 0.060000 
2972.754000 27.230000 0.060000 
2973.997000 27.260000 0.060000 
2975.250000 27.200000 0.060000 
2976.514000 27.250000 0.060000 
2977.757000 27.340000 0.060000 
2979.022000 27.200000 0.060000 
2980.296000 27.210000 0.040000 
2981.523000 27.190000 0.060000 
2982.786000 27.260000 0.060000 
2984.032000 27.230000 0.060000 
2985.283000 27.210000 0.040000 
2986.549000 27.200000 0.060000 
2987.792000 27.300000 0.060000 
2989.053000 27.230000 0.060000 
2990.291000 27.190000 0.060000 
2991.560000 27.120000 0.060000 
2992.806000 27.170000 0.060000 
2994.071000 27.160000 0.060000 
2995.313000 27.160000 0.060000 
2996.576000 27.160000 0.060000 
2997.820000 27.230000 0.060000 
2999.080000 27.160000 0.060000 
3000.340000 27.190000 0.060000 
3001.583000 27.140000 0.060000 
3002.845000 27.190000 0.060000 
3004.094000 27.170000 0.060000 
3005.341000 27.230000 0.060000 
3006.604000 27.250000 0.060000 
3007.848000 27.170000 0.060000 
3009.107000 27.170000 0.060000 
3010.367000 27.190000 0.060000 
3010.614000 27.230000 0.060000 
3011.880000 27.210000 0.060000 
3013.119000 27.160000 0.060000 
3014.383000 27.200000 0.060000 
3015.621000 27.190000 0.060000 
3016.893000 27.150000 0.060000 
3018.134000 27.210000 0.060000 
3019.397000 27.210000 0.060000 
3020.643000 27.170000 0.060000 
3021.907000 27.210000 0.060000 
3023.151000 27.430000 0.060000 
3024.414000 27.450000 0.060000 
3025.657000 27.580000 0.060000 
3026.925000 27.770000 0.060000 
3028.168000 28.020000 0.060000 
3029.431000 28.190000 0.060000 
3030.674000 28.160000 0.060000 
3031.937000 28.360000 0.060000 
3033.179000 28.550000 0.060000 
3034.442000 28.610000 0.060000 
3035.691000 28.760000 0.060000 
3036.957000 28.770000 0.060000 
3038.197000 28.770000 0.060000 
3039.457000 28.850000 0.060000 
3040.703000 29.030000 0.060000 
3041.970000 29.120000 0.060000 
3043.217000 29.260000 0.060000 
3044.464000 29.450000 0.060000 
3045.728000 29.540000 0.060000 
3046.973000 29.630000 0.060000 
3048.239000 29.840000 0.060000 
3049.480000 29.910000 0.060000 
3050.745000 30.030000 0.060000 
3051.988000 30.200000 0.060000 
3053.254000 30.300000 0.060000 
3054.493000 30.440000 0.060000 
3055.760000 30.450000 0.060000 
3057.008000 30.630000 0.060000 
3058.267000 30.820000 0.060000 
3059.520000 30.870000 0.060000 
3060.768000 30.860000 0.060000 
3062.016000 30.930000 0.060000 
3063.283000 31.040000 0.060000 
3064.524000 31.100000 0.060000 
3065.789000 31.230000 0.060000 
3067.031000 31.350000 0.060000 
3068.305000 31.470000 0.060000 
3069.553000 31.520000 0.060000 
3070.794000 31.580000 0.060000 
3072.056000 31.760000 0.060000 
3073.328000 31.800000 0.060000 
3074.565000 31.980000 0.060000 
3075.828000 31.980000 0.060000 
3077.069000 32.110000 0.060000 
3078.330000 32.230000 0.060000 
3079.587000 32.360000 0.060000 
3080.836000 32.470000 0.060000 
3082.082000 32.600000 0.060000 
3083.343000 32.650000 0.060000 
3084.588000 32.810000 0.060000 
3085.852000 32.770000 0.060000 
3087.098000 32.880000 0.060000 
3088.337000 33.020000 0.060000 
3089.618000 33.050000 0.060000 
3090.867000 33.230000 0.060000 
3092.120000 33.200000 0.060000 
3093.364000 33.300000 0.060000 
3094.624000 33.400000 0.060000 
3095.872000 33.730000 0.060000 
3097.124000 33.700000 0.060000 
3098.387000 33.860000 0.060000 
3099.643000 33.820000 0.060000 
3100.883000 33.960000 0.060000 
3102.146000 34.090000 0.060000 
3103.412000 34.200000 0.060000 
3104.657000 34.300000 0.060000 
