Time     Temperature!     Force
-7.314000 25.110000 25.110000 
-6.941000 25.120000 25.120000 
-6.797000 25.120000 25.120000 
-6.518000 25.150000 25.150000 
-6.253000 25.150000 25.150000 
-6.009000 25.170000 25.170000 
-5.747000 25.120000 25.120000 
-5.486000 25.120000 25.120000 
-5.213000 25.150000 25.150000 
-4.956000 25.190000 25.190000 
-4.695000 25.120000 25.120000 
-4.431000 25.160000 25.160000 
-4.157000 25.120000 25.120000 
-3.896000 25.150000 25.150000 
-3.638000 25.100000 25.100000 
-3.374000 25.200000 25.200000 
-3.111000 25.050000 25.050000 
-2.850000 25.160000 25.160000 
-2.590000 25.110000 25.110000 
-2.330000 25.160000 25.160000 
-2.069000 25.200000 25.200000 
-1.791000 25.480000 25.480000 
-1.529000 25.700000 25.700000 
-1.274000 26.100000 26.100000 
-1.012000 26.430000 26.430000 
-0.738000 26.760000 26.760000 
-0.485000 27.040000 27.040000 
-0.206000 27.260000 27.260000 
0.052000 27.650000 27.650000 
0.312000 27.900000 27.900000 
0.576000 28.160000 28.160000 
0.834000 28.270000 28.270000 
1.094000 28.470000 28.470000 
1.353000 28.550000 28.550000 
1.624000 28.620000 28.620000 
1.879000 28.620000 28.620000 
2.137000 28.620000 28.620000 
2.403000 28.560000 28.560000 
2.669000 28.650000 28.650000 
2.948000 28.590000 28.590000 
3.191000 28.560000 28.560000 
3.452000 28.520000 28.520000 
3.727000 28.500000 28.500000 
3.999000 28.450000 28.450000 
4.254000 28.370000 28.370000 
4.512000 28.340000 28.340000 
4.789000 28.310000 28.310000 
5.036000 28.230000 28.230000 
5.315000 28.230000 28.230000 
5.572000 28.180000 28.180000 
5.834000 28.110000 28.110000 
6.097000 28.160000 28.160000 
6.355000 28.080000 28.080000 
6.614000 27.980000 27.980000 
6.874000 27.980000 27.980000 
7.152000 28.000000 28.000000 
7.402000 27.860000 27.860000 
7.666000 27.890000 27.890000 
7.927000 27.800000 27.800000 
8.202000 27.750000 27.750000 
8.458000 27.700000 27.700000 
8.723000 27.700000 27.700000 
-51.017000 27.620000 27.620000 
-50.756000 27.660000 27.660000 
-50.494000 27.620000 27.620000 
-50.216000 27.560000 27.560000 
-49.956000 27.620000 27.620000 
-49.696000 27.490000 27.490000 
-49.431000 27.450000 27.450000 
-49.169000 27.430000 27.430000 
-48.910000 27.520000 27.520000 
-48.649000 27.320000 27.320000 
-48.385000 27.360000 27.360000 
-48.130000 27.250000 27.250000 
-47.868000 27.340000 27.340000 
-47.587000 27.320000 27.320000 
-47.326000 27.170000 27.170000 
-47.066000 27.230000 27.230000 
-46.812000 27.230000 27.230000 
-46.549000 27.120000 27.120000 
-46.288000 27.150000 27.150000 
-46.013000 27.040000 27.040000 
-45.753000 27.080000 27.080000 
-45.495000 27.090000 27.090000 
-45.220000 26.980000 26.980000 
-44.958000 27.050000 27.050000 
-44.702000 27.020000 27.020000 
-44.444000 26.980000 26.980000 
-44.184000 26.950000 26.950000 
-43.916000 26.960000 26.960000 
-43.653000 26.940000 26.940000 
-43.379000 26.870000 26.870000 
-43.122000 26.910000 26.910000 
-42.856000 26.870000 26.870000 
-42.601000 26.840000 26.840000 
-42.345000 26.780000 26.780000 
-42.079000 26.830000 26.830000 
-41.813000 26.830000 26.830000 
-41.552000 26.720000 26.720000 
-41.272000 26.740000 26.740000 
-41.025000 26.740000 26.740000 
-40.755000 26.760000 26.760000 
-40.487000 26.610000 26.610000 
-40.225000 26.760000 26.760000 
-39.968000 26.660000 26.660000 
-39.704000 26.700000 26.700000 
-39.440000 26.590000 26.590000 
-39.181000 26.650000 26.650000 
-38.922000 26.620000 26.620000 
-38.654000 26.630000 26.630000 
-38.389000 26.670000 26.670000 
-38.128000 26.590000 26.590000 
-37.871000 26.560000 26.560000 
-37.609000 26.480000 26.480000 
-37.330000 26.500000 26.500000 
-37.067000 26.410000 26.410000 
-36.803000 26.520000 26.520000 
-36.549000 26.460000 26.460000 
-36.290000 26.390000 26.390000 
-36.029000 26.410000 26.410000 
-35.751000 26.410000 26.410000 
-35.491000 26.370000 26.370000 
-35.233000 26.440000 26.440000 
-34.973000 26.340000 26.340000 
-34.714000 26.350000 26.350000 
-34.455000 26.370000 26.370000 
-34.177000 26.320000 26.320000 
-33.917000 26.270000 26.270000 
-33.659000 26.350000 26.350000 
-33.402000 26.310000 26.310000 
-33.137000 26.320000 26.320000 
-32.877000 26.270000 26.270000 
-32.598000 26.340000 26.340000 
-32.341000 26.270000 26.270000 
-32.079000 26.300000 26.300000 
-31.817000 26.200000 26.200000 
-31.555000 26.200000 26.200000 
-31.282000 26.230000 26.230000 
-31.028000 26.200000 26.200000 
-30.769000 26.120000 26.120000 
-30.506000 26.160000 26.160000 
-30.226000 26.180000 26.180000 
-29.982000 26.160000 26.160000 
-29.717000 26.140000 26.140000 
-29.455000 26.120000 26.120000 
-29.184000 26.120000 26.120000 
-28.922000 26.160000 26.160000 
-28.659000 26.120000 26.120000 
-28.396000 26.090000 26.090000 
-28.145000 26.070000 26.070000 
-27.874000 25.980000 25.980000 
-27.601000 26.070000 26.070000 
-27.344000 25.990000 25.990000 
-27.081000 25.980000 25.980000 
-26.825000 26.050000 26.050000 
-26.566000 25.970000 25.970000 
-26.286000 26.050000 26.050000 
-26.025000 26.030000 26.030000 
-25.762000 26.020000 26.020000 
-25.507000 25.970000 25.970000 
-25.252000 25.880000 25.880000 
-24.987000 25.970000 25.970000 
-24.708000 26.010000 26.010000 
-24.444000 25.900000 25.900000 
-24.189000 25.990000 25.990000 
-23.931000 25.970000 25.970000 
-23.668000 25.990000 25.990000 
-23.393000 25.960000 25.960000 
-23.133000 25.980000 25.980000 
-22.878000 25.910000 25.910000 
-22.601000 25.910000 25.910000 
-22.356000 25.860000 25.860000 
-22.080000 25.920000 25.920000 
-21.819000 25.980000 25.980000 
-21.561000 25.870000 25.870000 
-21.300000 25.880000 25.880000 
-21.023000 25.920000 25.920000 
-20.779000 25.920000 25.920000 
-20.501000 25.840000 25.840000 
-20.242000 25.830000 25.830000 
-19.970000 25.860000 25.860000 
-19.706000 25.880000 25.880000 
-19.451000 25.860000 25.860000 
-19.192000 25.870000 25.870000 
-18.930000 25.800000 25.800000 
-18.654000 25.830000 25.830000 
-18.401000 25.840000 25.840000 
-18.138000 25.840000 25.840000 
-17.878000 25.810000 25.810000 
-17.618000 25.770000 25.770000 
-17.357000 25.750000 25.750000 
-17.084000 25.840000 25.840000 
-16.822000 25.790000 25.790000 
-16.566000 25.770000 25.770000 
-16.308000 25.790000 25.790000 
-16.045000 25.750000 25.750000 
-15.769000 25.810000 25.810000 
-15.511000 25.740000 25.740000 
-15.254000 25.710000 25.710000 
-14.977000 25.730000 25.730000 
-14.716000 25.730000 25.730000 
-14.463000 25.660000 25.660000 
-14.205000 25.660000 25.660000 
-13.923000 25.750000 25.750000 
-13.658000 25.710000 25.710000 
-13.395000 25.710000 25.710000 
-13.153000 25.710000 25.710000 
-12.892000 25.770000 25.770000 
-12.611000 25.660000 25.660000 
-12.349000 25.630000 25.630000 
-12.087000 25.680000 25.680000 
-11.825000 25.690000 25.690000 
-11.568000 25.640000 25.640000 
-11.305000 25.640000 25.640000 
-11.042000 25.640000 25.640000 
-10.767000 25.640000 25.640000 
-10.508000 25.770000 25.770000 
-10.246000 25.690000 25.690000 
-9.986000 25.730000 25.730000 
-9.730000 25.620000 25.620000 
-9.471000 25.690000 25.690000 
-9.204000 25.690000 25.690000 
-8.929000 25.630000 25.630000 
-8.674000 25.590000 25.590000 
-8.406000 25.630000 25.630000 
-8.146000 25.570000 25.570000 
-7.882000 25.620000 25.620000 
-7.619000 25.600000 25.600000 
-7.363000 25.660000 25.660000 
-7.092000 25.620000 25.620000 
-6.830000 25.560000 25.560000 
-6.567000 25.600000 25.600000 
-6.307000 25.600000 25.600000 
-6.047000 25.660000 25.660000 
-5.784000 25.570000 25.570000 
-5.527000 25.600000 25.600000 
-5.246000 25.610000 25.610000 
-4.991000 25.640000 25.640000 
-4.736000 25.620000 25.620000 
-4.462000 25.610000 25.610000 
-4.208000 25.640000 25.640000 
-3.928000 25.630000 25.630000 
-3.671000 25.630000 25.630000 
-3.413000 25.570000 25.570000 
-3.155000 25.600000 25.600000 
-2.897000 25.620000 25.620000 
-2.632000 25.620000 25.620000 
-2.370000 25.600000 25.600000 
-2.098000 25.500000 25.500000 
-1.839000 25.590000 25.590000 
-1.578000 25.520000 25.520000 
-1.310000 25.590000 25.590000 
-1.050000 25.570000 25.570000 
-0.773000 25.600000 25.600000 
-0.517000 25.540000 25.540000 
-0.253000 25.600000 25.600000 
0.010000 25.520000 25.520000 
0.269000 25.540000 25.540000 
0.526000 25.540000 25.540000 
0.788000 25.550000 25.550000 
1.069000 25.500000 25.500000 
1.313000 25.550000 25.550000 
1.575000 25.570000 25.570000 
1.836000 25.570000 25.570000 
2.097000 25.570000 25.570000 
2.376000 25.520000 25.520000 
2.636000 25.540000 25.540000 
2.896000 25.560000 25.560000 
3.160000 25.490000 25.490000 
3.415000 25.480000 25.480000 
3.691000 25.520000 25.520000 
3.948000 25.560000 25.560000 
4.221000 25.500000 25.500000 
4.481000 25.480000 25.480000 
4.735000 25.570000 25.570000 
5.013000 25.440000 25.440000 
5.269000 25.440000 25.440000 
5.521000 25.520000 25.520000 
5.798000 25.520000 25.520000 
6.060000 25.490000 25.490000 
6.314000 25.550000 25.550000 
6.579000 25.520000 25.520000 
6.840000 25.500000 25.500000 
7.097000 25.500000 25.500000 
7.377000 25.460000 25.460000 
7.635000 25.390000 25.390000 
7.901000 25.560000 25.560000 
8.158000 25.520000 25.520000 
8.417000 25.450000 25.450000 
8.690000 25.450000 25.450000 
-51.051000 25.370000 25.370000 
-50.788000 25.570000 25.570000 
-50.531000 25.450000 25.450000 
-50.273000 25.480000 25.480000 
-49.996000 25.430000 25.430000 
-49.746000 25.460000 25.460000 
-49.473000 25.490000 25.490000 
-49.212000 25.550000 25.550000 
-48.949000 25.440000 25.440000 
-48.685000 25.440000 25.440000 
-48.423000 25.410000 25.410000 
-48.165000 25.500000 25.500000 
-47.901000 25.370000 25.370000 
-47.636000 25.450000 25.450000 
-47.370000 25.440000 25.440000 
-47.115000 25.370000 25.370000 
-46.846000 25.340000 25.340000 
-46.580000 25.460000 25.460000 
-46.314000 25.450000 25.450000 
-46.047000 25.460000 25.460000 
-45.792000 25.390000 25.390000 
-45.532000 25.430000 25.430000 
-45.263000 25.460000 25.460000 
-44.999000 25.480000 25.480000 
-44.751000 25.410000 25.410000 
-44.486000 25.390000 25.390000 
-44.214000 25.440000 25.440000 
-43.945000 25.450000 25.450000 
-43.686000 25.380000 25.380000 
-43.422000 25.440000 25.440000 
-43.161000 25.390000 25.390000 
-42.905000 25.480000 25.480000 
-42.627000 25.410000 25.410000 
-42.365000 25.410000 25.410000 
-42.106000 25.410000 25.410000 
-41.850000 25.410000 25.410000 
-41.593000 25.390000 25.390000 
-41.325000 25.480000 25.480000 
-41.071000 25.450000 25.450000 
-40.787000 25.380000 25.380000 
-40.542000 25.430000 25.430000 
-40.279000 25.390000 25.390000 
-40.014000 25.370000 25.370000 
-39.740000 25.450000 25.450000 
-39.491000 25.380000 25.380000 
-39.228000 25.410000 25.410000 
-38.959000 25.430000 25.430000 
-38.689000 25.450000 25.450000 
-38.429000 25.390000 25.390000 
-38.175000 25.350000 25.350000 
-37.907000 25.410000 25.410000 
-37.644000 25.370000 25.370000 
-37.374000 25.320000 25.320000 
-37.109000 25.410000 25.410000 
-36.861000 25.430000 25.430000 
-36.594000 25.350000 25.350000 
-36.325000 25.380000 25.380000 
-36.069000 25.370000 25.370000 
-35.795000 25.390000 25.390000 
-35.532000 25.450000 25.450000 
-35.276000 25.340000 25.340000 
-35.006000 25.410000 25.410000 
-34.758000 25.410000 25.410000 
-34.488000 25.430000 25.430000 
-34.215000 25.390000 25.390000 
-33.963000 25.430000 25.430000 
-33.688000 25.380000 25.380000 
-33.439000 25.440000 25.440000 
-33.163000 25.410000 25.410000 
-32.913000 25.340000 25.340000 
-32.645000 25.390000 25.390000 
-32.388000 25.350000 25.350000 
-32.125000 25.430000 25.430000 
-31.862000 25.380000 25.380000 
-31.597000 25.350000 25.350000 
-31.327000 25.410000 25.410000 
-31.056000 25.380000 25.380000 
-30.813000 25.350000 25.350000 
-30.534000 25.380000 25.380000 
-30.277000 25.350000 25.350000 
-30.017000 25.340000 25.340000 
-29.760000 25.440000 25.440000 
-29.483000 25.390000 25.390000 
-29.220000 25.410000 25.410000 
-28.969000 25.440000 25.440000 
-28.709000 25.390000 25.390000 
-28.433000 25.370000 25.370000 
-28.170000 25.330000 25.330000 
-27.916000 25.350000 25.350000 
-27.650000 25.380000 25.380000 
-27.384000 25.330000 25.330000 
-27.123000 25.270000 25.270000 
-26.866000 25.350000 25.350000 
-26.600000 25.350000 25.350000 
-26.339000 25.390000 25.390000 
-26.074000 25.340000 25.340000 
-25.799000 25.300000 25.300000 
-25.554000 25.380000 25.380000 
-25.289000 25.430000 25.430000 
-25.013000 25.380000 25.380000 
-24.749000 25.440000 25.440000 
-24.486000 25.370000 25.370000 
-24.233000 25.320000 25.320000 
-23.972000 25.300000 25.300000 
-23.700000 25.350000 25.350000 
-23.446000 25.370000 25.370000 
-23.168000 25.300000 25.300000 
-22.921000 25.300000 25.300000 
-22.646000 25.350000 25.350000 
-22.396000 25.300000 25.300000 
-22.131000 25.380000 25.380000 
-21.871000 25.280000 25.280000 
-21.609000 25.320000 25.320000 
-21.327000 25.330000 25.330000 
-21.080000 25.340000 25.340000 
-20.802000 25.340000 25.340000 
-20.541000 25.320000 25.320000 
-20.279000 25.350000 25.350000 
-20.017000 25.330000 25.330000 
-19.759000 25.300000 25.300000 
-19.498000 25.410000 25.410000 
-19.223000 25.330000 25.330000 
-18.981000 25.340000 25.340000 
-18.713000 25.390000 25.390000 
-18.450000 25.340000 25.340000 
-18.190000 25.350000 25.350000 
-17.909000 25.260000 25.260000 
-17.650000 25.320000 25.320000 
-17.386000 25.390000 25.390000 
-17.123000 25.410000 25.410000 
-16.858000 25.340000 25.340000 
-16.608000 25.340000 25.340000 
-16.343000 25.330000 25.330000 
-16.080000 25.380000 25.380000 
-15.813000 25.340000 25.340000 
-15.548000 25.270000 25.270000 
-15.287000 25.320000 25.320000 
-15.014000 25.330000 25.330000 
-14.762000 25.340000 25.340000 
-14.492000 25.340000 25.340000 
-14.230000 25.350000 25.350000 
-13.968000 25.300000 25.300000 
-13.705000 25.300000 25.300000 
-13.449000 25.300000 25.300000 
-13.188000 25.320000 25.320000 
-12.911000 25.300000 25.300000 
-12.652000 25.330000 25.330000 
-12.396000 25.330000 25.330000 
-12.134000 25.380000 25.380000 
-11.870000 25.330000 25.330000 
-11.616000 25.260000 25.260000 
-11.352000 25.300000 25.300000 
-11.084000 25.340000 25.340000 
-10.816000 25.280000 25.280000 
-10.549000 25.340000 25.340000 
-10.296000 25.260000 25.260000 
-10.017000 25.320000 25.320000 
-9.767000 25.370000 25.370000 
-9.506000 25.320000 25.320000 
-9.233000 25.300000 25.300000 
-8.979000 25.370000 25.370000 
-8.709000 25.270000 25.270000 
-8.448000 25.340000 25.340000 
-8.188000 25.300000 25.300000 
-7.934000 25.320000 25.320000 
-7.650000 25.300000 25.300000 
-7.390000 25.340000 25.340000 
-7.130000 25.270000 25.270000 
-6.864000 25.280000 25.280000 
-6.610000 25.380000 25.380000 
-6.339000 25.230000 25.230000 
-6.072000 25.230000 25.230000 
-5.831000 25.320000 25.320000 
-5.568000 25.340000 25.340000 
-5.303000 25.410000 25.410000 
-5.037000 25.230000 25.230000 
-4.761000 25.320000 25.320000 
-4.499000 25.320000 25.320000 
-4.249000 25.270000 25.270000 
-3.981000 25.300000 25.300000 
-3.717000 25.270000 25.270000 
-3.461000 25.370000 25.370000 
-3.197000 25.320000 25.320000 
-2.933000 25.330000 25.330000 
-2.672000 25.350000 25.350000 
-2.407000 25.320000 25.320000 
-2.129000 25.300000 25.300000 
-1.870000 25.320000 25.320000 
-1.608000 25.270000 25.270000 
-1.344000 25.330000 25.330000 
-1.081000 25.300000 25.300000 
-0.827000 25.300000 25.300000 
-0.570000 25.270000 25.270000 
-0.291000 25.340000 25.340000 
-0.026000 25.280000 25.280000 
0.236000 25.370000 25.370000 
0.499000 25.280000 25.280000 
0.761000 25.270000 25.270000 
1.015000 25.280000 25.280000 
1.286000 25.260000 25.260000 
1.543000 25.270000 25.270000 
1.801000 25.330000 25.330000 
2.075000 25.280000 25.280000 
2.338000 25.280000 25.280000 
2.594000 25.300000 25.300000 
2.859000 25.320000 25.320000 
3.122000 25.280000 25.280000 
3.380000 25.260000 25.260000 
3.641000 25.260000 25.260000 
3.911000 25.350000 25.350000 
4.179000 25.300000 25.300000 
4.442000 25.300000 25.300000 
4.702000 25.340000 25.340000 
4.964000 25.270000 25.270000 
5.231000 25.300000 25.300000 
5.493000 25.260000 25.260000 
5.740000 25.270000 25.270000 
6.016000 25.410000 25.410000 
6.285000 25.320000 25.320000 
6.537000 25.340000 25.340000 
6.798000 25.300000 25.300000 
7.060000 25.330000 25.330000 
7.333000 25.280000 25.280000 
7.589000 25.200000 25.200000 
7.861000 25.300000 25.300000 
8.111000 25.270000 25.270000 
8.371000 25.300000 25.300000 
8.653000 25.300000 25.300000 
-51.081000 25.300000 25.300000 
-50.829000 25.320000 25.320000 
-50.557000 25.330000 25.330000 
-50.296000 25.330000 25.330000 
-50.032000 25.300000 25.300000 
-49.767000 25.410000 25.410000 
-49.510000 25.350000 25.350000 
-49.248000 25.350000 25.350000 
-48.982000 25.280000 25.280000 
-48.717000 25.280000 25.280000 
-48.459000 25.260000 25.260000 
-48.199000 25.370000 25.370000 
-47.932000 25.320000 25.320000 
-47.668000 25.240000 25.240000 
-47.412000 25.280000 25.280000 
-47.150000 25.300000 25.300000 
-46.888000 25.320000 25.320000 
-46.632000 25.260000 25.260000 
-46.347000 25.370000 25.370000 
-46.102000 25.220000 25.220000 
-45.837000 25.230000 25.230000 
-45.580000 25.350000 25.350000 
-45.300000 25.300000 25.300000 
-45.038000 25.370000 25.370000 
-44.770000 25.240000 25.240000 
-44.521000 25.280000 25.280000 
-44.249000 25.300000 25.300000 
-43.995000 25.380000 25.380000 
-43.725000 25.330000 25.330000 
-43.461000 25.350000 25.350000 
-43.210000 25.300000 25.300000 
-42.950000 25.300000 25.300000 
-42.686000 25.300000 25.300000 
-42.407000 25.220000 25.220000 
-42.142000 25.370000 25.370000 
-41.879000 25.350000 25.350000 
-41.617000 25.320000 25.320000 
-41.355000 25.330000 25.330000 
-41.092000 25.300000 25.300000 
-40.842000 25.300000 25.300000 
-40.579000 25.280000 25.280000 
-40.315000 25.240000 25.240000 
-40.039000 25.320000 25.320000 
-39.774000 25.220000 25.220000 
-39.530000 25.300000 25.300000 
-39.265000 25.320000 25.320000 
-39.000000 25.300000 25.300000 
-38.720000 25.300000 25.300000 
-38.459000 25.220000 25.220000 
-38.207000 25.330000 25.330000 
-37.942000 25.260000 25.260000 
-37.677000 25.300000 25.300000 
-37.418000 25.300000 25.300000 
-37.159000 25.370000 25.370000 
-36.894000 25.200000 25.200000 
-36.632000 25.210000 25.210000 
-36.362000 25.270000 25.270000 
-36.105000 25.230000 25.230000 
-35.842000 25.280000 25.280000 
-35.568000 25.300000 25.300000 
-35.323000 25.280000 25.280000 
-35.050000 25.330000 25.330000 
-34.785000 25.320000 25.320000 
-34.528000 25.300000 25.300000 
-34.255000 25.330000 25.330000 
-33.997000 25.280000 25.280000 
-33.732000 25.260000 25.260000 
-33.469000 25.320000 25.320000 
-33.198000 25.220000 25.220000 
-32.955000 25.300000 25.300000 
-32.692000 25.300000 25.300000 
-32.426000 25.300000 25.300000 
-32.146000 25.270000 25.270000 
-31.893000 25.280000 25.280000 
-31.623000 25.280000 25.280000 
-31.356000 25.300000 25.300000 
-31.099000 25.340000 25.340000 
-30.851000 25.330000 25.330000 
-30.579000 25.300000 25.300000 
-30.308000 25.270000 25.270000 
-30.061000 25.270000 25.270000 
-29.794000 25.240000 25.240000 
-29.522000 25.300000 25.300000 
-29.255000 25.270000 25.270000 
-28.997000 25.270000 25.270000 
-28.733000 25.260000 25.260000 
-28.479000 25.230000 25.230000 
-28.216000 25.300000 25.300000 
-27.953000 25.220000 25.220000 
-27.691000 25.260000 25.260000 
-27.415000 25.260000 25.260000 
-27.165000 25.260000 25.260000 
-26.899000 25.230000 25.230000 
-26.639000 25.220000 25.220000 
-26.364000 25.330000 25.330000 
-26.100000 25.220000 25.220000 
-25.840000 25.300000 25.300000 
-25.572000 25.220000 25.220000 
-25.312000 25.260000 25.260000 
-25.049000 25.240000 25.240000 
-24.799000 25.280000 25.280000 
-24.531000 25.330000 25.330000 
-24.276000 25.280000 25.280000 
-24.010000 25.340000 25.340000 
-23.746000 25.270000 25.270000 
-23.470000 25.300000 25.300000 
-23.211000 25.300000 25.300000 
-22.948000 25.260000 25.260000 
-22.696000 25.300000 25.300000 
-22.430000 25.280000 25.280000 
-22.166000 25.280000 25.280000 
-21.905000 25.300000 25.300000 
-21.635000 25.260000 25.260000 
-21.371000 25.240000 25.240000 
-21.109000 25.260000 25.260000 
-20.853000 25.260000 25.260000 
-20.593000 25.300000 25.300000 
-20.322000 25.270000 25.270000 
-20.058000 25.300000 25.300000 
-19.799000 25.320000 25.320000 
-19.538000 25.280000 25.280000 
-19.279000 25.220000 25.220000 
-19.010000 25.300000 25.300000 
-18.747000 25.300000 25.300000 
-18.488000 25.270000 25.270000 
-18.227000 25.280000 25.280000 
-17.963000 25.230000 25.230000 
-17.686000 25.300000 25.300000 
-17.420000 25.280000 25.280000 
-17.157000 25.260000 25.260000 
-16.900000 25.330000 25.330000 
-16.636000 25.280000 25.280000 
-16.381000 25.300000 25.300000 
-16.114000 25.260000 25.260000 
-15.856000 25.230000 25.230000 
-15.588000 25.280000 25.280000 
-15.324000 25.300000 25.300000 
-15.067000 25.240000 25.240000 
-14.799000 25.230000 25.230000 
-14.529000 25.300000 25.300000 
-14.280000 25.270000 25.270000 
-14.012000 25.280000 25.280000 
-13.745000 25.270000 25.270000 
-13.478000 25.300000 25.300000 
-13.230000 25.240000 25.240000 
-12.963000 25.300000 25.300000 
-12.694000 25.220000 25.220000 
-12.422000 25.300000 25.300000 
-12.167000 25.300000 25.300000 
-11.913000 25.280000 25.280000 
-11.643000 25.300000 25.300000 
-11.386000 25.260000 25.260000 
-11.124000 25.240000 25.240000 
-10.859000 25.240000 25.240000 
-10.583000 25.280000 25.280000 
-10.321000 25.270000 25.270000 
-10.064000 25.200000 25.200000 
-9.804000 25.280000 25.280000 
-9.539000 25.260000 25.260000 
-9.278000 25.300000 25.300000 
-9.021000 25.230000 25.230000 
-8.739000 25.260000 25.260000 
-8.488000 25.270000 25.270000 
-8.230000 25.270000 25.270000 
-7.971000 25.300000 25.300000 
-7.707000 25.260000 25.260000 
-7.445000 25.340000 25.340000 
-7.168000 25.280000 25.280000 
-6.900000 25.230000 25.230000 
-6.644000 25.220000 25.220000 
-6.377000 25.300000 25.300000 
-6.116000 25.340000 25.340000 
-5.859000 25.300000 25.300000 
-5.589000 25.220000 25.220000 
-5.338000 25.270000 25.270000 
-5.073000 25.280000 25.280000 
-4.806000 25.300000 25.300000 
-4.549000 25.230000 25.230000 
-4.283000 25.270000 25.270000 
-4.022000 25.260000 25.260000 
-3.744000 25.270000 25.270000 
-3.488000 25.350000 25.350000 
-3.225000 25.240000 25.240000 
-2.961000 25.350000 25.350000 
-2.701000 25.260000 25.260000 
-2.432000 25.190000 25.190000 
-2.173000 25.280000 25.280000 
-1.913000 25.300000 25.300000 
-1.649000 25.340000 25.340000 
-1.394000 25.340000 25.340000 
-1.131000 25.300000 25.300000 
-0.868000 25.270000 25.270000 
-0.593000 25.260000 25.260000 
-0.346000 25.270000 25.270000 
-0.072000 25.280000 25.280000 
0.190000 25.300000 25.300000 
0.444000 25.240000 25.240000 
0.725000 25.280000 25.280000 
0.986000 25.270000 25.270000 
1.242000 25.220000 25.220000 
1.503000 25.270000 25.270000 
1.773000 25.270000 25.270000 
2.023000 25.270000 25.270000 
2.304000 25.330000 25.330000 
2.551000 25.270000 25.270000 
2.824000 25.270000 25.270000 
3.089000 25.300000 25.300000 
3.343000 25.280000 25.280000 
3.606000 25.260000 25.260000 
3.884000 25.350000 25.350000 
4.147000 25.300000 25.300000 
4.394000 25.300000 25.300000 
4.664000 25.300000 25.300000 
4.935000 25.300000 25.300000 
5.185000 25.280000 25.280000 
5.451000 25.320000 25.320000 
5.713000 25.240000 25.240000 
5.973000 25.330000 25.330000 
6.239000 25.270000 25.270000 
6.493000 25.230000 25.230000 
6.766000 25.300000 25.300000 
7.030000 25.230000 25.230000 
7.298000 25.300000 25.300000 
7.559000 25.300000 25.300000 
7.817000 25.240000 25.240000 
8.077000 25.330000 25.330000 
8.352000 25.380000 25.380000 
8.613000 25.240000 25.240000 
-51.132000 25.300000 25.300000 
-50.871000 25.270000 25.270000 
-50.609000 25.260000 25.260000 
-50.334000 25.260000 25.260000 
-50.076000 25.300000 25.300000 
-49.818000 25.300000 25.300000 
-49.544000 25.280000 25.280000 
-49.282000 25.300000 25.300000 
-49.021000 25.280000 25.280000 
-48.757000 25.300000 25.300000 
-48.500000 25.270000 25.270000 
-48.234000 25.300000 25.300000 
-47.981000 25.340000 25.340000 
-47.721000 25.260000 25.260000 
-47.437000 25.240000 25.240000 
-47.179000 25.260000 25.260000 
-46.917000 25.330000 25.330000 
-46.666000 25.280000 25.280000 
-46.392000 25.340000 25.340000 
-46.130000 25.300000 25.300000 
-45.876000 25.300000 25.300000 
-45.600000 25.380000 25.380000 
-45.354000 25.300000 25.300000 
-45.089000 25.300000 25.300000 
-44.816000 25.270000 25.270000 
-44.550000 25.260000 25.260000 
-44.285000 25.270000 25.270000 
-44.023000 25.330000 25.330000 
-43.760000 25.320000 25.320000 
-43.505000 25.300000 25.300000 
-43.240000 25.280000 25.280000 
-42.976000 25.300000 25.300000 
-42.714000 25.220000 25.220000 
-42.452000 25.300000 25.300000 
-42.195000 25.270000 25.270000 
-41.932000 25.240000 25.240000 
-41.672000 25.260000 25.260000 
-41.400000 25.300000 25.300000 
-41.145000 25.230000 25.230000 
-40.864000 25.260000 25.260000 
-40.602000 25.270000 25.270000 
-40.353000 25.240000 25.240000 
-40.091000 25.300000 25.300000 
-39.817000 25.280000 25.280000 
-39.562000 25.330000 25.330000 
-39.301000 25.300000 25.300000 
-39.026000 25.270000 25.270000 
-38.771000 25.320000 25.320000 
-38.508000 25.280000 25.280000 
-38.245000 25.300000 25.300000 
-37.989000 25.270000 25.270000 
-37.710000 25.320000 25.320000 
-37.455000 25.300000 25.300000 
-37.198000 25.330000 25.330000 
-36.920000 25.330000 25.330000 
-36.673000 25.300000 25.300000 
-36.404000 25.170000 25.170000 
-36.137000 25.240000 25.240000 
-35.871000 25.270000 25.270000 
-35.606000 25.300000 25.300000 
-35.343000 25.270000 25.270000 
-35.090000 25.280000 25.280000 
-34.818000 25.300000 25.300000 
-34.558000 25.220000 25.220000 
-34.303000 25.300000 25.300000 
-34.041000 25.330000 25.330000 
-33.777000 25.210000 25.210000 
-33.502000 25.350000 25.350000 
-33.238000 25.280000 25.280000 
-32.982000 25.300000 25.300000 
-32.712000 25.260000 25.260000 
-32.448000 25.270000 25.270000 
-32.185000 25.300000 25.300000 
-31.932000 25.270000 25.270000 
-31.672000 25.240000 25.240000 
-31.411000 25.350000 25.350000 
-31.149000 25.260000 25.260000 
-30.890000 25.300000 25.300000 
-30.611000 25.240000 25.240000 
-30.347000 25.230000 25.230000 
-30.079000 25.340000 25.340000 
-29.820000 25.300000 25.300000 
-29.567000 25.270000 25.270000 
-29.307000 25.260000 25.260000 
-29.045000 25.320000 25.320000 
-28.777000 25.270000 25.270000 
-28.513000 25.300000 25.300000 
-28.249000 25.260000 25.260000 
-27.986000 25.270000 25.270000 
-27.734000 25.270000 25.270000 
-27.458000 25.280000 25.280000 
-27.187000 25.280000 25.280000 
-26.938000 25.220000 25.220000 
-26.681000 25.300000 25.300000 
-26.419000 25.300000 25.300000 
-26.149000 25.330000 25.330000 
-25.890000 25.280000 25.280000 
-25.627000 25.300000 25.300000 
-25.366000 25.240000 25.240000 
-25.099000 25.280000 25.280000 
-24.830000 25.330000 25.330000 
-24.564000 25.260000 25.260000 
-24.298000 25.350000 25.350000 
-24.038000 25.280000 25.280000 
-23.769000 25.270000 25.270000 
-23.522000 25.270000 25.270000 
-23.260000 25.300000 25.300000 
-22.984000 25.300000 25.300000 
-22.738000 25.300000 25.300000 
-22.453000 25.240000 25.240000 
-22.205000 25.280000 25.280000 
-21.944000 25.300000 25.300000 
-21.680000 25.260000 25.260000 
-21.417000 25.270000 25.270000 
-21.155000 25.280000 25.280000 
-20.893000 25.260000 25.260000 
-20.632000 25.340000 25.340000 
-20.369000 25.340000 25.340000 
-20.104000 25.320000 25.320000 
-19.826000 25.370000 25.370000 
-19.563000 25.330000 25.330000 
-19.309000 25.300000 25.300000 
-19.053000 25.270000 25.270000 
-18.776000 25.240000 25.240000 
-18.525000 25.300000 25.300000 
-18.255000 25.280000 25.280000 
-17.993000 25.280000 25.280000 
-17.728000 25.230000 25.230000 
-17.465000 25.280000 25.280000 
-17.212000 25.270000 25.270000 
-16.950000 25.260000 25.260000 
-16.680000 25.350000 25.350000 
-16.413000 25.220000 25.220000 
-16.157000 25.300000 25.300000 
-15.893000 25.220000 25.220000 
-15.632000 25.300000 25.300000 
-15.364000 25.240000 25.240000 
-15.101000 25.240000 25.240000 
-14.839000 25.300000 25.300000 
-14.580000 25.300000 25.300000 
-14.320000 25.300000 25.300000 
-14.059000 25.300000 25.300000 
-13.782000 25.260000 25.260000 
-13.522000 25.270000 25.270000 
-13.261000 25.260000 25.260000 
-12.990000 25.300000 25.300000 
-12.737000 25.220000 25.220000 
-12.470000 25.300000 25.300000 
-12.206000 25.240000 25.240000 
-11.949000 25.320000 25.320000 
-11.680000 25.300000 25.300000 
-11.413000 25.220000 25.220000 
-11.153000 25.320000 25.320000 
-10.891000 25.200000 25.200000 
-10.627000 25.230000 25.230000 
-10.365000 25.210000 25.210000 
-10.106000 25.280000 25.280000 
-9.847000 25.280000 25.280000 
-9.585000 25.340000 25.340000 
-9.308000 25.270000 25.270000 
-9.062000 25.240000 25.240000 
-8.791000 25.300000 25.300000 
-8.523000 25.280000 25.280000 
-8.267000 25.350000 25.350000 
-8.005000 25.320000 25.320000 
-7.740000 25.300000 25.300000 
-7.468000 25.300000 25.300000 
-7.209000 25.350000 25.350000 
-6.942000 25.270000 25.270000 
-6.696000 25.300000 25.300000 
-6.417000 25.320000 25.320000 
-6.158000 25.300000 25.300000 
-5.899000 25.280000 25.280000 
-5.634000 25.300000 25.300000 
-5.367000 25.300000 25.300000 
-5.114000 25.220000 25.220000 
-4.842000 25.300000 25.300000 
-4.571000 25.300000 25.300000 
-4.318000 25.380000 25.380000 
-4.059000 25.300000 25.300000 
-3.799000 25.300000 25.300000 
-3.528000 25.300000 25.300000 
-3.264000 25.300000 25.300000 
-2.998000 25.370000 25.370000 
-2.736000 25.240000 25.240000 
-2.472000 25.270000 25.270000 
-2.218000 25.320000 25.320000 
-1.953000 25.260000 25.260000 
-1.681000 25.300000 25.300000 
-1.418000 25.350000 25.350000 
-1.154000 25.220000 25.220000 
-0.893000 25.270000 25.270000 
-0.630000 25.280000 25.280000 
-0.373000 25.280000 25.280000 
-0.107000 25.270000 25.270000 
0.147000 25.220000 25.220000 
0.425000 25.240000 25.240000 
0.680000 25.350000 25.350000 
0.940000 25.300000 25.300000 
1.199000 25.220000 25.220000 
1.466000 25.280000 25.280000 
1.724000 25.300000 25.300000 
1.988000 25.320000 25.320000 
2.255000 25.210000 25.210000 
2.520000 25.300000 25.300000 
2.776000 25.240000 25.240000 
3.043000 25.320000 25.320000 
3.315000 25.300000 25.300000 
3.563000 25.270000 25.270000 
3.847000 25.220000 25.220000 
4.105000 25.330000 25.330000 
4.358000 25.320000 25.320000 
4.624000 25.300000 25.300000 
4.893000 25.300000 25.300000 
5.149000 25.300000 25.300000 
5.411000 25.280000 25.280000 
5.673000 25.320000 25.320000 
5.938000 25.270000 25.270000 
6.202000 25.320000 25.320000 
6.458000 25.300000 25.300000 
6.725000 25.300000 25.300000 
6.993000 25.280000 25.280000 
7.263000 25.240000 25.240000 
7.518000 25.320000 25.320000 
7.771000 25.320000 25.320000 
8.033000 25.320000 25.320000 
8.300000 25.280000 25.280000 
8.573000 25.300000 25.300000 
-51.157000 25.210000 25.210000 
-50.907000 25.270000 25.270000 
-50.644000 25.240000 25.240000 
-50.385000 25.330000 25.330000 
-50.112000 25.270000 25.270000 
-49.858000 25.240000 25.240000 
-49.579000 25.270000 25.270000 
-49.335000 25.320000 25.320000 
-49.063000 25.220000 25.220000 
-48.801000 25.300000 25.300000 
-48.548000 25.330000 25.330000 
-48.281000 25.230000 25.230000 
-48.022000 25.200000 25.200000 
-47.743000 25.240000 25.240000 
-47.482000 25.280000 25.280000 
-47.221000 25.240000 25.240000 
-46.955000 25.320000 25.320000 
-46.695000 25.260000 25.260000 
-46.430000 25.300000 25.300000 
-46.160000 25.220000 25.220000 
-45.911000 25.230000 25.230000 
-45.650000 25.270000 25.270000 
-45.389000 25.270000 25.270000 
-45.126000 25.200000 25.200000 
-44.849000 25.300000 25.300000 
-44.591000 25.230000 25.230000 
-44.330000 25.300000 25.300000 
-44.068000 25.320000 25.320000 
-43.792000 25.270000 25.270000 
-43.548000 25.270000 25.270000 
-43.271000 25.270000 25.270000 
-43.010000 25.240000 25.240000 
-42.748000 25.280000 25.280000 
-42.492000 25.270000 25.270000 
-42.225000 25.300000 25.300000 
-41.958000 25.300000 25.300000 
-41.697000 25.270000 25.270000 
-41.447000 25.210000 25.210000 
-41.167000 25.270000 25.270000 
-40.907000 25.230000 25.230000 
-40.641000 25.270000 25.270000 
-40.376000 25.230000 25.230000 
-40.124000 25.300000 25.300000 
-39.851000 25.240000 25.240000 
-39.605000 25.240000 25.240000 
-39.326000 25.410000 25.410000 
-39.061000 25.300000 25.300000 
-38.809000 25.280000 25.280000 
-38.545000 25.350000 25.350000 
-38.274000 25.260000 25.260000 
-38.011000 25.240000 25.240000 
-37.750000 25.240000 25.240000 
-37.488000 25.210000 25.210000 
-37.237000 25.230000 25.230000 
-36.959000 25.320000 25.320000 
-36.705000 25.240000 25.240000 
-36.441000 25.300000 25.300000 
-36.177000 25.320000 25.320000 
-35.904000 25.260000 25.260000 
-35.647000 25.230000 25.230000 
-35.393000 25.370000 25.370000 
-35.133000 25.240000 25.240000 
-34.854000 25.270000 25.270000 
-34.590000 25.370000 25.370000 
-34.339000 25.350000 25.350000 
-34.078000 25.320000 25.320000 
-33.798000 25.340000 25.340000 
-33.539000 25.270000 25.270000 
-33.283000 25.240000 25.240000 
-33.025000 25.240000 25.240000 
-32.752000 25.380000 25.380000 
-32.486000 25.230000 25.230000 
-32.239000 25.240000 25.240000 
-31.976000 25.170000 25.170000 
-31.713000 25.300000 25.300000 
-31.441000 25.330000 25.330000 
-31.173000 25.300000 25.300000 
-30.925000 25.260000 25.260000 
-30.664000 25.300000 25.300000 
-30.399000 25.240000 25.240000 
-30.136000 25.300000 25.300000 
-29.854000 25.230000 25.230000 
-29.600000 25.230000 25.230000 
-29.348000 25.320000 25.320000 
-29.084000 25.300000 25.300000 
-28.823000 25.320000 25.320000 
-28.540000 25.270000 25.270000 
-28.279000 25.260000 25.260000 
-28.025000 25.350000 25.350000 
-27.763000 25.330000 25.330000 
-27.501000 25.330000 25.330000 
-27.230000 25.210000 25.210000 
-26.966000 25.260000 25.260000 
-26.711000 25.300000 25.300000 
-26.451000 25.280000 25.280000 
-26.191000 25.270000 25.270000 
-25.915000 25.330000 25.330000 
-25.653000 25.300000 25.300000 
-25.400000 25.260000 25.260000 
-25.144000 25.260000 25.260000 
-24.857000 25.330000 25.330000 
-24.596000 25.230000 25.230000 
-24.343000 25.270000 25.270000 
-24.086000 25.320000 25.320000 
-23.806000 25.280000 25.280000 
-23.562000 25.220000 25.220000 
-23.283000 25.350000 25.350000 
-23.031000 25.240000 25.240000 
-22.759000 25.240000 25.240000 
-22.492000 25.300000 25.300000 
-22.244000 25.340000 25.340000 
-21.978000 25.230000 25.230000 
-21.723000 25.210000 25.210000 
-21.447000 25.280000 25.280000 
-21.193000 25.280000 25.280000 
-20.915000 25.280000 25.280000 
-20.660000 25.260000 25.260000 
-20.397000 25.240000 25.240000 
-20.142000 25.300000 25.300000 
-19.864000 25.300000 25.300000 
-19.612000 25.300000 25.300000 
-19.352000 25.280000 25.280000 
-19.076000 25.230000 25.230000 
-18.817000 25.300000 25.300000 
-18.558000 25.300000 25.300000 
-18.299000 25.300000 25.300000 
-18.024000 25.330000 25.330000 
-17.778000 25.270000 25.270000 
-17.505000 25.260000 25.260000 
-17.235000 25.280000 25.280000 
-16.972000 25.300000 25.300000 
-16.712000 25.300000 25.300000 
-16.445000 25.270000 25.270000 
-16.189000 25.340000 25.340000 
-15.928000 25.240000 25.240000 
-15.672000 25.340000 25.340000 
-15.394000 25.270000 25.270000 
-15.138000 25.210000 25.210000 
-14.878000 25.300000 25.300000 
-14.620000 25.300000 25.300000 
-14.357000 25.270000 25.270000 
-14.092000 25.350000 25.350000 
-13.813000 25.260000 25.260000 
-13.551000 25.330000 25.330000 
-13.296000 25.270000 25.270000 
-13.040000 25.260000 25.260000 
-12.767000 25.300000 25.300000 
-12.498000 25.220000 25.220000 
-12.253000 25.230000 25.230000 
-11.982000 25.260000 25.260000 
-11.722000 25.280000 25.280000 
-11.453000 25.300000 25.300000 
-11.186000 25.300000 25.300000 
-10.932000 25.230000 25.230000 
-10.669000 25.220000 25.220000 
-10.407000 25.350000 25.350000 
-10.150000 25.320000 25.320000 
-9.871000 25.300000 25.300000 
-9.613000 25.330000 25.330000 
-9.355000 25.320000 25.320000 
-9.099000 25.300000 25.300000 
-8.827000 25.260000 25.260000 
-8.564000 25.230000 25.230000 
-8.300000 25.240000 25.240000 
-8.032000 25.320000 25.320000 
-7.770000 25.330000 25.330000 
-7.513000 25.300000 25.300000 
-7.253000 25.320000 25.320000 
-6.988000 25.200000 25.200000 
-6.730000 25.390000 25.390000 
-6.451000 25.260000 25.260000 
-6.197000 25.260000 25.260000 
-5.938000 25.240000 25.240000 
-5.663000 25.270000 25.270000 
-5.400000 25.350000 25.350000 
-5.139000 25.260000 25.260000 
-4.879000 25.260000 25.260000 
-4.620000 25.300000 25.300000 
-4.356000 25.300000 25.300000 
-4.090000 25.380000 25.380000 
-3.826000 25.330000 25.330000 
-3.561000 25.230000 25.230000 
-3.294000 25.320000 25.320000 
-3.031000 25.270000 25.270000 
-2.779000 25.270000 25.270000 
-2.515000 25.370000 25.370000 
-2.253000 25.270000 25.270000 
-1.983000 25.260000 25.260000 
-1.726000 25.300000 25.300000 
-1.468000 25.350000 25.350000 
-1.192000 25.270000 25.270000 
-0.937000 25.240000 25.240000 
-0.672000 25.270000 25.270000 
-0.411000 25.260000 25.260000 
-0.142000 25.300000 25.300000 
0.117000 25.270000 25.270000 
0.384000 25.270000 25.270000 
0.635000 25.260000 25.260000 
0.908000 25.330000 25.330000 
1.172000 25.170000 25.170000 
1.440000 25.260000 25.260000 
1.694000 25.300000 25.300000 
1.950000 25.300000 25.300000 
2.223000 25.280000 25.280000 
2.484000 25.300000 25.300000 
2.747000 25.300000 25.300000 
3.006000 25.380000 25.380000 
3.271000 25.260000 25.260000 
3.528000 25.320000 25.320000 
3.795000 25.270000 25.270000 
4.058000 25.300000 25.300000 
4.331000 25.260000 25.260000 
4.582000 25.280000 25.280000 
4.842000 25.280000 25.280000 
5.117000 25.390000 25.390000 
5.376000 25.320000 25.320000 
5.637000 25.270000 25.270000 
5.900000 25.320000 25.320000 
6.162000 25.320000 25.320000 
6.428000 25.320000 25.320000 
6.691000 25.280000 25.280000 
6.957000 25.280000 25.280000 
7.218000 25.300000 25.300000 
7.474000 25.240000 25.240000 
7.735000 25.320000 25.320000 
8.009000 25.320000 25.320000 
8.275000 25.330000 25.330000 
8.531000 25.300000 25.300000 
8.790000 25.300000 25.300000 
-50.949000 25.270000 25.270000 
-50.689000 25.270000 25.270000 
-50.427000 25.300000 25.300000 
-50.163000 25.240000 25.240000 
-49.896000 25.230000 25.230000 
-49.617000 25.350000 25.350000 
-49.361000 25.280000 25.280000 
-49.100000 25.280000 25.280000 
-48.831000 25.270000 25.270000 
-48.583000 25.350000 25.350000 
-48.318000 25.270000 25.270000 
-48.060000 25.330000 25.330000 
-47.782000 25.280000 25.280000 
-47.517000 25.320000 25.320000 
-47.263000 25.370000 25.370000 
-46.999000 25.240000 25.240000 
-46.725000 25.280000 25.280000 
-46.468000 25.300000 25.300000 
-46.199000 25.340000 25.340000 
-45.948000 25.260000 25.260000 
-45.685000 25.280000 25.280000 
-45.412000 25.300000 25.300000 
-45.155000 25.320000 25.320000 
-44.898000 25.300000 25.300000 
-44.636000 25.270000 25.270000 
-44.369000 25.170000 25.170000 
-44.116000 25.280000 25.280000 
-43.839000 25.280000 25.280000 
-43.582000 25.320000 25.320000 
-43.314000 25.300000 25.300000 
-43.053000 25.330000 25.330000 
-42.795000 25.270000 25.270000 
-42.527000 25.270000 25.270000 
-42.267000 25.320000 25.320000 
-41.995000 25.300000 25.300000 
-41.729000 25.320000 25.320000 
-41.471000 25.260000 25.260000 
-41.201000 25.270000 25.270000 
-40.939000 25.300000 25.300000 
-40.680000 25.270000 25.270000 
-40.426000 25.330000 25.330000 
-40.166000 25.320000 25.320000 
-39.905000 25.370000 25.370000 
-39.632000 25.330000 25.330000 
-39.375000 25.320000 25.320000 
-39.115000 25.300000 25.300000 
-38.836000 25.330000 25.330000 
-38.573000 25.300000 25.300000 
-38.319000 25.350000 25.350000 
-38.050000 25.410000 25.410000 
-37.789000 25.300000 25.300000 
-37.523000 25.240000 25.240000 
-37.257000 25.330000 25.330000 
-36.993000 25.230000 25.230000 
-36.736000 25.330000 25.330000 
-36.485000 25.240000 25.240000 
-36.206000 25.320000 25.320000 
-35.951000 25.320000 25.320000 
-35.688000 25.380000 25.380000 
-35.426000 25.220000 25.220000 
-35.163000 25.280000 25.280000 
-34.907000 25.300000 25.300000 
-34.628000 25.300000 25.300000 
-34.371000 25.270000 25.270000 
-34.113000 25.210000 25.210000 
-33.849000 25.320000 25.320000 
-33.585000 25.240000 25.240000 
-33.331000 25.280000 25.280000 
-33.064000 25.270000 25.270000 
-32.796000 25.300000 25.300000 
-32.528000 25.270000 25.270000 
-32.271000 25.300000 25.300000 
-32.015000 25.300000 25.300000 
-31.735000 25.240000 25.240000 
-31.485000 25.260000 25.260000 
-31.221000 25.230000 25.230000 
-30.962000 25.270000 25.270000 
-30.691000 25.270000 25.270000 
-30.440000 25.320000 25.320000 
-30.156000 25.300000 25.300000 
-29.898000 25.260000 25.260000 
-29.648000 25.320000 25.320000 
-29.380000 25.240000 25.240000 
-29.109000 25.300000 25.300000 
-28.858000 25.280000 25.280000 
-28.586000 25.270000 25.270000 
-28.327000 25.350000 25.350000 
-28.063000 25.240000 25.240000 
-27.797000 25.300000 25.300000 
-27.534000 25.300000 25.300000 
-27.279000 25.330000 25.330000 
-27.019000 25.200000 25.200000 
-26.738000 25.270000 25.270000 
-26.479000 25.300000 25.300000 
-26.214000 25.280000 25.280000 
-25.961000 25.300000 25.300000 
-25.699000 25.380000 25.380000 
-25.439000 25.280000 25.280000 
-25.166000 25.300000 25.300000 
-24.903000 25.270000 25.270000 
-24.645000 25.300000 25.300000 
-24.385000 25.390000 25.390000 
-24.125000 25.350000 25.350000 
-23.847000 25.370000 25.370000 
-23.591000 25.330000 25.330000 
-23.333000 25.300000 25.300000 
-23.069000 25.260000 25.260000 
-22.795000 25.220000 25.220000 
-22.546000 25.320000 25.320000 
-22.284000 25.220000 25.220000 
-22.019000 25.320000 25.320000 
-21.745000 25.220000 25.220000 
-21.483000 25.300000 25.300000 
-21.227000 25.330000 25.330000 
-20.964000 25.300000 25.300000 
-20.692000 25.300000 25.300000 
-20.429000 25.260000 25.260000 
-20.184000 25.330000 25.330000 
-19.904000 25.340000 25.340000 
-19.645000 25.300000 25.300000 
-19.390000 25.270000 25.270000 
-19.111000 25.300000 25.300000 
-18.859000 25.300000 25.300000 
-18.595000 25.230000 25.230000 
-18.319000 25.280000 25.280000 
-18.077000 25.320000 25.320000 
-17.798000 25.370000 25.370000 
-17.539000 25.270000 25.270000 
-17.274000 25.300000 25.300000 
-17.013000 25.260000 25.260000 
-16.749000 25.270000 25.270000 
-16.490000 25.300000 25.300000 
-16.232000 25.270000 25.270000 
-15.965000 25.300000 25.300000 
-15.701000 25.260000 25.260000 
-15.441000 25.300000 25.300000 
-15.179000 25.260000 25.260000 
-14.916000 25.300000 25.300000 
-14.655000 25.320000 25.320000 
-14.391000 25.270000 25.270000 
-14.132000 25.260000 25.260000 
-13.859000 25.320000 25.320000 
-13.604000 25.300000 25.300000 
-13.340000 25.240000 25.240000 
-13.073000 25.300000 25.300000 
-12.805000 25.270000 25.270000 
-12.539000 25.170000 25.170000 
-12.285000 25.320000 25.320000 
-12.023000 25.300000 25.300000 
-11.748000 25.370000 25.370000 
-11.490000 25.320000 25.320000 
-11.236000 25.300000 25.300000 
-10.973000 25.270000 25.270000 
-10.695000 25.270000 25.270000 
-10.434000 25.260000 25.260000 
-10.174000 25.350000 25.350000 
-9.908000 25.270000 25.270000 
-9.649000 25.300000 25.300000 
-9.393000 25.240000 25.240000 
-9.138000 25.320000 25.320000 
-8.857000 25.340000 25.340000 
-8.590000 25.230000 25.230000 
-8.327000 25.300000 25.300000 
-8.064000 25.280000 25.280000 
-7.810000 25.280000 25.280000 
-7.550000 25.300000 25.300000 
-7.287000 25.300000 25.300000 
-7.025000 25.230000 25.230000 
-6.769000 25.280000 25.280000 
-6.504000 25.340000 25.340000 
-6.239000 25.370000 25.370000 
-5.971000 25.380000 25.380000 
-5.712000 25.320000 25.320000 
-5.452000 25.280000 25.280000 
-5.185000 25.320000 25.320000 
-4.905000 25.320000 25.320000 
-4.664000 25.320000 25.320000 
-4.385000 25.380000 25.380000 
-4.123000 25.280000 25.280000 
-3.868000 25.320000 25.320000 
-3.607000 25.220000 25.220000 
-3.347000 25.260000 25.260000 
-3.086000 25.330000 25.330000 
-2.808000 25.260000 25.260000 
-2.547000 25.240000 25.240000 
-2.293000 25.330000 25.330000 
-2.032000 25.320000 25.320000 
-1.768000 25.320000 25.320000 
-1.504000 25.320000 25.320000 
-1.232000 25.320000 25.320000 
-0.974000 25.330000 25.330000 
-0.713000 25.320000 25.320000 
-0.453000 25.260000 25.260000 
-0.184000 25.300000 25.300000 
0.078000 25.260000 25.260000 
0.337000 25.280000 25.280000 
0.606000 25.330000 25.330000 
0.868000 25.240000 25.240000 
1.120000 25.280000 25.280000 
1.387000 25.320000 25.320000 
1.656000 25.300000 25.300000 
1.918000 25.300000 25.300000 
2.174000 25.280000 25.280000 
2.454000 25.270000 25.270000 
2.716000 25.260000 25.260000 
2.973000 25.240000 25.240000 
3.236000 25.240000 25.240000 
3.492000 25.300000 25.300000 
3.761000 25.350000 25.350000 
4.028000 25.240000 25.240000 
4.288000 25.280000 25.280000 
4.541000 25.270000 25.270000 
4.819000 25.300000 25.300000 
5.083000 25.320000 25.320000 
5.337000 25.270000 25.270000 
5.596000 25.270000 25.270000 
5.862000 25.260000 25.260000 
6.123000 25.340000 25.340000 
6.399000 25.280000 25.280000 
6.660000 25.270000 25.270000 
6.923000 25.280000 25.280000 
7.178000 25.300000 25.300000 
7.438000 25.340000 25.340000 
7.705000 25.300000 25.300000 
7.962000 25.270000 25.270000 
8.225000 25.350000 25.350000 
8.498000 25.380000 25.380000 
8.761000 25.320000 25.320000 
-50.976000 25.330000 25.330000 
-50.719000 25.220000 25.220000 
-50.458000 25.320000 25.320000 
-50.199000 25.280000 25.280000 
-49.918000 25.340000 25.340000 
-49.660000 25.260000 25.260000 
-49.402000 25.220000 25.220000 
-49.147000 25.320000 25.320000 
-48.877000 25.370000 25.370000 
-48.602000 25.270000 25.270000 
-48.351000 25.280000 25.280000 
-48.086000 25.300000 25.300000 
-47.824000 25.350000 25.350000 
-47.557000 25.320000 25.320000 
-47.298000 25.280000 25.280000 
-47.035000 25.300000 25.300000 
-46.781000 25.330000 25.330000 
-46.517000 25.280000 25.280000 
-46.245000 25.300000 25.300000 
-45.978000 25.240000 25.240000 
-45.715000 25.280000 25.280000 
-45.452000 25.240000 25.240000 
-45.191000 25.330000 25.330000 
-44.932000 25.260000 25.260000 
-44.670000 25.300000 25.300000 
-44.394000 25.330000 25.330000 
-44.152000 25.340000 25.340000 
-43.874000 25.270000 25.270000 
-43.623000 25.260000 25.260000 
-43.343000 25.370000 25.370000 
-43.084000 25.300000 25.300000 
-42.818000 25.300000 25.300000 
-42.557000 25.280000 25.280000 
-42.292000 25.320000 25.320000 
-42.032000 25.320000 25.320000 
-41.784000 25.330000 25.330000 
-41.510000 25.280000 25.280000 
-41.238000 25.340000 25.340000 
-40.993000 25.210000 25.210000 
-40.730000 25.220000 25.220000 
-40.462000 25.220000 25.220000 
-40.204000 25.300000 25.300000 
-39.940000 25.270000 25.270000 
-39.660000 25.270000 25.270000 
-39.404000 25.300000 25.300000 
-39.146000 25.370000 25.370000 
-38.880000 25.300000 25.300000 
-38.618000 25.330000 25.330000 
-38.362000 25.340000 25.340000 
-38.088000 25.300000 25.300000 
-37.826000 25.280000 25.280000 
-37.573000 25.300000 25.300000 
-37.293000 25.300000 25.300000 
-37.039000 25.300000 25.300000 
-36.778000 25.330000 25.330000 
-36.522000 25.260000 25.260000 
-36.245000 25.320000 25.320000 
-35.980000 25.270000 25.270000 
-35.718000 25.300000 25.300000 
-35.459000 25.300000 25.300000 
-35.205000 25.320000 25.320000 
-34.944000 25.300000 25.300000 
-34.680000 25.280000 25.280000 
-34.405000 25.340000 25.340000 
-34.144000 25.330000 25.330000 
-33.881000 25.320000 25.320000 
-33.619000 25.300000 25.300000 
-33.356000 25.300000 25.300000 
-33.098000 25.370000 25.370000 
-32.832000 25.240000 25.240000 
-32.574000 25.270000 25.270000 
-32.313000 25.350000 25.350000 
-32.045000 25.330000 25.330000 
-31.775000 25.260000 25.260000 
-31.518000 25.300000 25.300000 
-31.259000 25.240000 25.240000 
-30.984000 25.330000 25.330000 
-30.721000 25.330000 25.330000 
-30.462000 25.240000 25.240000 
-30.206000 25.280000 25.280000 
-29.938000 25.300000 25.300000 
-29.673000 25.330000 25.330000 
-29.412000 25.300000 25.300000 
-29.147000 25.300000 25.300000 
-28.901000 25.270000 25.270000 
-28.618000 25.370000 25.370000 
-28.365000 25.320000 25.320000 
-28.107000 25.380000 25.380000 
-27.830000 25.340000 25.340000 
-27.580000 25.260000 25.260000 
-27.317000 25.230000 25.230000 
-27.053000 25.280000 25.280000 
-26.792000 25.270000 25.270000 
-26.517000 25.240000 25.240000 
-26.265000 25.280000 25.280000 
-26.001000 25.270000 25.270000 
-25.736000 25.280000 25.280000 
-25.463000 25.300000 25.300000 
-25.203000 25.260000 25.260000 
-24.941000 25.270000 25.270000 
-24.681000 25.350000 25.350000 
-24.415000 25.340000 25.340000 
-24.151000 25.270000 25.270000 
-23.895000 25.330000 25.330000 
-23.635000 25.240000 25.240000 
-23.372000 25.300000 25.300000 
-23.109000 25.350000 25.350000 
-22.827000 25.300000 25.300000 
-22.580000 25.210000 25.210000 
-22.319000 25.280000 25.280000 
-22.043000 25.260000 25.260000 
-21.796000 25.320000 25.320000 
-21.534000 25.240000 25.240000 
-21.252000 25.320000 25.320000 
-20.991000 25.270000 25.270000 
-20.730000 25.300000 25.300000 
-20.472000 25.260000 25.260000 
-20.210000 25.320000 25.320000 
-19.947000 25.300000 25.300000 
-19.676000 25.280000 25.280000 
-19.430000 25.300000 25.300000 
-19.163000 25.300000 25.300000 
-18.900000 25.330000 25.330000 
-18.625000 25.330000 25.330000 
-18.364000 25.270000 25.270000 
-18.110000 25.350000 25.350000 
-17.852000 25.240000 25.240000 
-17.586000 25.330000 25.330000 
-17.314000 25.340000 25.340000 
-17.054000 25.260000 25.260000 
-16.790000 25.220000 25.220000 
-16.526000 25.300000 25.300000 
-16.259000 25.300000 25.300000 
-15.993000 25.280000 25.280000 
-15.728000 25.260000 25.260000 
-15.478000 25.320000 25.320000 
-15.217000 25.320000 25.320000 
-14.956000 25.280000 25.280000 
-14.678000 25.300000 25.300000 
-14.420000 25.350000 25.350000 
-14.162000 25.300000 25.300000 
-13.897000 25.300000 25.300000 
-13.634000 25.320000 25.320000 
-13.372000 25.240000 25.240000 
-13.112000 25.320000 25.320000 
-12.836000 25.300000 25.300000 
-12.585000 25.380000 25.380000 
-12.326000 25.300000 25.300000 
-12.053000 25.260000 25.260000 
-11.799000 25.330000 25.330000 
-11.539000 25.340000 25.340000 
-11.266000 25.330000 25.330000 
-11.007000 25.320000 25.320000 
-10.752000 25.260000 25.260000 
-10.473000 25.280000 25.280000 
-10.218000 25.330000 25.330000 
-9.958000 25.260000 25.260000 
-9.684000 25.300000 25.300000 
-9.426000 25.230000 25.230000 
-9.170000 25.300000 25.300000 
-8.893000 25.300000 25.300000 
-8.636000 25.320000 25.320000 
-8.377000 25.300000 25.300000 
-8.119000 25.280000 25.280000 
-7.842000 25.300000 25.300000 
-7.593000 25.300000 25.300000 
-7.329000 25.300000 25.300000 
-7.053000 25.270000 25.270000 
-6.799000 25.300000 25.300000 
-6.539000 25.260000 25.260000 
-6.263000 25.330000 25.330000 
-6.006000 25.270000 25.270000 
-5.743000 25.320000 25.320000 
-5.488000 25.260000 25.260000 
-5.228000 25.350000 25.350000 
-4.948000 25.300000 25.300000 
-4.696000 25.370000 25.370000 
-4.432000 25.260000 25.260000 
-4.161000 25.320000 25.320000 
-3.900000 25.350000 25.350000 
-3.645000 25.300000 25.300000 
-3.387000 25.300000 25.300000 
-3.110000 25.330000 25.330000 
-2.852000 25.280000 25.280000 
-2.591000 25.300000 25.300000 
-2.333000 25.300000 25.300000 
-2.071000 25.260000 25.260000 
-1.797000 25.300000 25.300000 
-1.543000 25.240000 25.240000 
-1.263000 25.320000 25.320000 
-1.005000 25.330000 25.330000 
-0.745000 25.330000 25.330000 
-0.491000 25.240000 25.240000 
-0.214000 25.240000 25.240000 
0.035000 25.410000 25.410000 
0.297000 25.390000 25.390000 
0.573000 25.320000 25.320000 
0.819000 25.240000 25.240000 
1.097000 25.370000 25.370000 
